5.853974557592542816e-01 6.310458475497821018e-02 3.694126336230846991e-02
5.708300012483392694e-01 6.314126793013652428e-02 3.604293005138155953e-02
5.729186602488407498e-01 5.792976292674678618e-02 3.318904216452472911e-02
0.000000000000000000e+00 9.916666666666669183e-01 0.000000000000000000e+00
5.857083354017479371e-01 5.793415535472735273e-02 3.393251769572361992e-02
5.414288532439799351e-01 7.569842672286246354e-02 4.098531237293286805e-02
5.212889336494256343e-01 8.565115394304803620e-02 4.464899870481430638e-02
5.718578757390854195e-01 6.298284014379271212e-02 3.601723317264369367e-02
5.078808818464041197e-01 9.078947233112258375e-02 4.611023726990024635e-02
5.687248529440486200e-01 6.048795336144918711e-02 3.440100238037666069e-02
