5.886675930433514781e-01 6.950558839358894625e-02 4.091568742271591008e-02
2.774152105263443802e-01 3.857080061089785961e-01 1.070012677164188242e-01
5.810710404057295442e-01 6.971235032208805693e-02 4.050782793078440414e-02
2.414023530397334805e-01 4.494056274459154454e-01 1.084875759347418145e-01
2.967911919274084931e-01 4.781931980843743268e-01 1.419235292310408181e-01
5.887383494734949041e-01 6.806877960712784392e-02 4.007470095657553882e-02
5.886926706366527595e-01 6.948836918002468388e-02 4.090729363077440228e-02
1.982328005519940484e-01 4.847962217048660261e-01 9.610251272558099911e-02
2.939015515434891257e-01 4.801420344174558985e-01 1.411144888765376582e-01
2.779729663441168896e-01 3.854078586026526976e-01 1.071329657081133424e-01
