6.031973410156759030e-01 6.411564207787945335e-02 3.867438481888967050e-02
5.976778240947467902e-01 5.585891109078122696e-02 3.338563243704004146e-02
6.146914952081965478e-01 5.308368533972043779e-02 3.263008991263417757e-02
5.857355671265781494e-01 1.189885954828992648e-01 6.969585245677099861e-02
6.041416810994154618e-01 9.407942704164298786e-02 5.683730320980800305e-02
5.976117422460489603e-01 5.541235023576134705e-02 3.311507116634160308e-02
6.009199657823905971e-01 5.495479915274555094e-02 3.302343602644600140e-02
5.893328140182119146e-01 5.758633549874972446e-02 3.393751714847502432e-02
6.086321948795351267e-01 5.355426845855072726e-02 3.259485195709558442e-02
4.938973075977907135e-01 2.048515326424402150e-01 1.011756204293821626e-01
