5.883961377926950620e-01 6.335217843080950817e-02 3.727617710944199775e-02
6.676415623248214970e-03 9.838430734168479574e-01 6.568545266184784570e-03
5.794349750041598579e-01 6.507384628817859673e-02 3.770606249741530885e-02
5.733949748309866701e-01 6.686804129886084191e-02 3.834179885755768791e-02
5.434496563720740969e-01 7.640033114493577360e-02 4.151973370742801511e-02
5.473878634432389756e-01 7.153026861669180281e-02 3.915480090961189624e-02
5.739348605755417720e-01 6.678511678958107267e-02 3.833030669314948374e-02
5.422910832836185246e-01 7.376717531254378679e-02 4.000328141101196916e-02
5.478132862030299366e-01 7.542364096405172746e-02 4.131807261391463870e-02
7.137071570088071408e-03 9.836991381994157901e-01 7.020731152763187190e-03
