3.947630595665478359e-01 2.734137954358193956e-01 1.079336664139462915e-01
3.492350301519431266e-01 3.120129798829665568e-01 1.089658624372254470e-01
3.882914696942055266e-01 2.653521349412950037e-01 1.030339704628505798e-01
3.800507914222402417e-01 2.797299555350080680e-01 1.063115909855878866e-01
3.905378148296806962e-01 2.608129371814438269e-01 1.018573145661518520e-01
3.555637488667011681e-01 3.079202719350090378e-01 1.094852862412658834e-01
3.911589070397543111e-01 2.745099344469282832e-01 1.073770059298150698e-01
3.934938721882163537e-01 2.575386987348378121e-01 1.013398998034858306e-01
3.415233507606496022e-01 3.349838017349245911e-01 1.144047904190525489e-01
3.644035589326463653e-01 2.954874283697891402e-01 1.076766705178065775e-01
