6.906993919564692330e-01 4.337672998336913888e-02 2.996028102457301209e-02
6.864185408707812464e-01 3.687001775063698111e-02 2.530826378627204151e-02
6.856877696362951857e-01 3.862103774828794245e-02 2.648197323466272221e-02
6.927891587607366564e-01 3.896793280611490079e-02 2.699656138739325514e-02
1.088398194697088803e-02 9.797934691452250267e-01 1.066405442993660635e-02
6.865444194789602772e-01 3.695365034313643354e-02 2.537032242245708391e-02
6.926288254815138323e-01 4.327000752294048180e-02 2.997005448919053475e-02
6.858181070192596041e-01 3.858106368594378666e-02 2.645959206388346502e-02
6.980436526533714270e-01 4.066719327123974326e-02 2.838747613421679916e-02
6.599257117327326227e-01 4.113978821212965764e-02 2.714920401642354972e-02
