3.500056975728418340e-01 3.599348298352357811e-01 1.259792411972438242e-01
3.464360256452055919e-01 3.126961378130829194e-01 1.083292072185699367e-01
3.515270163309586193e-01 3.060448906928970869e-01 1.075830472886084854e-01
3.602505737696862775e-01 2.971753533002425840e-01 1.070575915366216296e-01
3.450920400524927212e-01 3.112787926275181749e-01 1.074198335729070752e-01
3.427483033929171197e-01 3.158964800541689266e-01 1.082729825863608802e-01
3.587992627713003646e-01 2.972713972623227674e-01 1.066607581807157701e-01
3.200918874752979315e-01 3.727844219671664905e-01 1.193252692488582373e-01
3.410864369532888851e-01 3.802757387192562399e-01 1.297068967795309558e-01
3.647109955632388267e-01 2.907559467723308533e-01 1.060418908132688687e-01
