5.831016490257160401e-01 5.825348013492750998e-02 3.396770032816302104e-02
5.753502939169956587e-01 6.181940657363019925e-02 3.556781374191238937e-02
6.092506708349589850e-01 5.622284352229184323e-02 3.425380513220523115e-02
5.961863432194421941e-01 5.558765138670476724e-02 3.314059860839667360e-02
5.790658974012271587e-01 5.739767230783451857e-02 3.323703462367776085e-02
6.177461805184577548e-01 4.802564544624547682e-02 2.966765904135180640e-02
5.826196322558101492e-01 6.292858969827669346e-02 3.666343178838672723e-02
5.769732151646198570e-01 6.663050948085497138e-02 3.844401928322557782e-02
5.831697866122849128e-01 7.649479215832051537e-02 4.460945161991886065e-02
5.749728197884682590e-01 6.007837752333533565e-02 3.454343413290825171e-02
