6.084669483221453179e-01 5.365016103549519189e-02 3.264434976225942531e-02
4.943775116555725220e-03 9.862920236399448370e-01 4.876005964128550529e-03
6.013095907806760287e-01 5.313959109783669699e-02 3.195334577729264103e-02
6.572413415641733536e-01 4.347058175927798196e-02 2.857066347404294340e-02
6.338157249020318629e-01 5.370946056644876343e-02 3.404190068302082040e-02
6.572451243710764057e-01 4.346963519121765929e-02 2.857020578761717070e-02
6.156382051886948314e-01 5.041449708183136369e-02 3.103709049894935387e-02
6.208964226911637407e-01 5.006564090221476276e-02 3.108557733592555439e-02
6.192074723954473781e-01 4.918911148329986605e-02 3.045826539095198432e-02
6.198828530125313208e-01 5.351959232466286381e-02 3.317587758227959205e-02
