2.350430072119148728e-01 6.146332571019749169e-01 1.444652490817022183e-01
3.107405829691836097e-01 3.381537244675294485e-01 1.050780854742407872e-01
2.215225595540659120e-01 6.359312461195021360e-01 1.408731173407987702e-01
3.529939558547729450e-01 3.033698474217551011e-01 1.070877225284642270e-01
2.206614038093413777e-01 6.375625117187280200e-01 1.406854388520641930e-01
3.530000609525177357e-01 3.032915316232791536e-01 1.070619291494000064e-01
3.256270993490191223e-01 3.257571063239891318e-01 1.060753416246105890e-01
4.149993772777155199e-01 2.400343898939074627e-01 9.961412233120796322e-02
3.304249913485989842e-01 3.200902796097780945e-01 1.057658278708315525e-01
3.303568556014911950e-01 3.316660066000568508e-01 1.095681390502982050e-01
