6.466286687902450536e-01 4.999929593752468204e-02 3.233097817253108991e-02
6.504519491402218634e-01 5.458591802135529664e-02 3.550551677259891625e-02
6.297776882303466328e-01 5.094489184497037748e-02 3.208395621327048142e-02
6.573730131301719348e-01 4.942321337317140406e-02 3.248948669369709774e-02
6.260328729005463222e-01 5.662968869258257903e-02 3.545204670368105188e-02
6.552262434839957184e-01 4.700775268468945778e-02 3.080071320621378950e-02
6.215881047921891778e-01 5.527748120592317765e-02 3.435982478047564653e-02
6.582070302250438987e-01 4.695607167943448290e-02 3.090681649115485999e-02
6.334109385350540355e-01 5.122027113869651038e-02 3.244348001398169451e-02
6.492440565521460094e-01 5.840790827519087847e-02 3.792098730331058126e-02
