3.133978379764108535e-01 3.656182267668378061e-01 1.145839617934960725e-01
3.105813337878274294e-01 3.607189103804351316e-01 1.120325603084473265e-01
3.170029119022571007e-01 3.273770309902067077e-01 1.037794721138109860e-01
2.901735776046966719e-04 9.914229388511206498e-01 2.876847410857920903e-04
3.057698560147414368e-01 3.694690757520153745e-01 1.129725060945933335e-01
3.443192198298442586e-01 3.189108508364341121e-01 1.098071353552728252e-01
3.176210103595478174e-01 3.275480270123574122e-01 1.040361352809414247e-01
3.079961591704120649e-01 3.596490025659221379e-01 1.107705114397736917e-01
5.844680700796360930e-04 9.911183487054753272e-01 5.792770284884049981e-04
3.088837739076274458e-01 3.521391431947495376e-01 1.087700674905926618e-01
