3.994282882521127398e-01 2.906336797856828302e-01 1.160873132252079470e-01
5.697344161131643325e-01 6.502760994217818280e-02 3.704846738164148390e-02
5.491739224218040727e-01 7.454302101503650080e-02 4.093708323999856874e-02
5.832825871852703736e-01 5.926303016797491996e-02 3.456709356081513751e-02
3.297114893649957246e-01 2.884145260905179309e-01 9.509358295180408982e-02
4.950111172351529532e-01 1.009221017864938286e-01 4.995756235905213921e-02
4.485331088374043818e-01 2.107804479319552171e-01 9.454200959306051366e-02
5.781375073201071579e-01 5.942639558696036217e-02 3.435662821366387842e-02
5.085927422433764722e-01 9.510752928419061170e-02 4.837099912663873208e-02
2.620289557242350131e-01 5.118107486711104270e-01 1.341092360027299757e-01
