4.112832436929077518e-01 2.361181035485332980e-01 9.711141952205865069e-02
4.453536115957880681e-01 2.032077370612402345e-01 9.049929960443060806e-02
3.837241652235089950e-01 2.671653531977334906e-01 1.025178021324442273e-01
3.618244795772241340e-01 2.975205694095662823e-01 1.076502251901357149e-01
3.642583910182527474e-01 3.017423907195336819e-01 1.099121977454983051e-01
3.175181130807555041e-01 3.622311041707079182e-01 1.150149366954417579e-01
4.009766208905581331e-01 2.642831647555608510e-01 1.059713703619474395e-01
4.110787403497381254e-01 2.521566555728764203e-01 1.036562403437008145e-01
1.862683281186028050e-01 6.325371058825407511e-01 1.178216291857205056e-01
4.073817103489620339e-01 2.524324866832241554e-01 1.028363781726534393e-01
