4.130449846204372610e-01 1.445735599317765352e-01 5.971538383854250315e-02
6.835129273242207190e-03 9.844617656748625434e-01 6.728923432951963712e-03
4.405904883067104927e-01 1.156641304894373140e-01 5.096051573191226480e-02
6.835129273242207190e-03 9.844617656748625434e-01 6.728923432951963712e-03
4.117762761973546848e-01 1.453883731708013882e-01 5.986748290666398659e-02
4.433531867945175731e-01 1.150265904108422749e-01 5.099740542475461602e-02
4.076675957805800388e-01 1.463194722381580271e-01 5.964970746321320710e-02
4.405828867947864658e-01 1.156641409951360555e-01 5.095964113827625153e-02
5.354420148310400779e-03 9.862895173743781996e-01 5.281008463896712073e-03
4.085388086207094038e-01 1.458136035836901934e-01 5.957051588877319143e-02
