3.121982007732364561e-01 3.299231256368903020e-01 1.030014062173195966e-01
3.625899682542618740e-01 2.490505167531485986e-01 9.030321896323166564e-02
3.123840334150020381e-01 3.296302909260703240e-01 1.029712398152463904e-01
2.015837024415215173e-01 5.661022943947240371e-01 1.141169964647286705e-01
3.020781703390933992e-01 3.177163914119114363e-01 9.597518620444944748e-02
3.122807373962350197e-01 3.297707033858581216e-01 1.029810384250108707e-01
3.854019871351730964e-01 2.493916460507480948e-01 9.611603596287006390e-02
3.122077283550111493e-01 3.502074714821553636e-01 1.093374791243960781e-01
2.935476173746942585e-01 3.319425854797386499e-01 9.744095507277306112e-02
3.239920579093300557e-01 3.197812113288325264e-01 1.036065727391668190e-01
