5.687376693624320856e-01 7.005461370952366373e-02 3.984269772923997033e-02
6.433289378432131000e-01 4.770114934040337734e-02 3.068752973906219150e-02
5.518451840069642060e-03 9.861482587380522302e-01 5.442011673014477552e-03
5.666901598911314730e-01 6.998081312233075946e-02 3.965743817760501028e-02
5.840907331588682805e-01 6.706919075248538031e-02 3.917449279899117703e-02
6.535820935460044945e-01 4.687939938905400644e-02 3.063953599687720131e-02
5.954870082206608073e-01 6.406823146755491472e-02 3.815179947860307397e-02
5.869069405085495239e-01 6.713236919350240584e-02 3.940045341244889643e-02
6.607550173730283305e-01 4.233790473017191858e-02 2.797498297552236321e-02
6.703842738042348204e-01 4.234921158970655214e-02 2.839024545774731026e-02
