2.618853922750928875e-01 4.593996139736896134e-01 1.203100481165259444e-01
4.891598875334198793e-01 1.452919249604473495e-01 7.107098167316650006e-02
4.893951019726492380e-01 1.535618076802620080e-01 7.515239652878617782e-02
4.717503850286919875e-01 1.714216450858299101e-01 8.086822707149204925e-02
5.166029966916256821e-01 1.351988689715576952e-01 6.984414086002514732e-02
4.825209334875285583e-01 1.578837554065114779e-01 7.618221704126655613e-02
4.710207217334073659e-01 2.019127551301259649e-01 9.510509164857268438e-02
5.186443716991446795e-01 1.501910118378260439e-01 7.789572296948808761e-02
2.073075197013369564e-01 5.714073062963901384e-01 1.184570314075267805e-01
4.975829458993681342e-01 1.537368342305724944e-01 7.649682686969108691e-02
