5.828364721283679772e-01 6.563805702139535736e-02 3.825625359171072604e-02
5.833778153662891874e-01 6.740868961448565067e-02 3.932473408400290193e-02
5.825114616937965284e-01 6.226872678827833490e-02 3.627224705925168047e-02
5.871637973920278419e-01 6.109145090453247523e-02 3.587068830129392510e-02
5.811544715160169572e-01 6.251891450601991529e-02 3.633314671950105268e-02
5.948486068901999158e-01 6.593518120112445979e-02 3.922145068254178496e-02
5.792007935437153421e-01 6.481918571597855561e-02 3.754332380355223514e-02
5.849591421718455253e-01 7.015785625909948253e-02 4.103947941393847748e-02
5.868313247910361685e-01 6.064362389931793329e-02 3.558757815296608590e-02
5.868313247910361685e-01 6.064362389931793329e-02 3.558757815296608590e-02
