3.914298664792991711e-01 2.940842392777329728e-01 1.151133545141492798e-01
3.971372924930060555e-01 2.452206836573296578e-01 9.738627837095584217e-02
4.000610718539673871e-01 2.487800171739396049e-01 9.952720032645469284e-02
3.295981342063926123e-01 3.322591391363185487e-01 1.095119923323528005e-01
3.411239652281710111e-01 3.285139986228067244e-01 1.120639978431737377e-01
3.325284483712572237e-01 3.289018633521235691e-01 1.093692262868969228e-01
4.004232440916068447e-01 2.504612120613743942e-01 1.002904910527314258e-01
3.781537974667960045e-01 2.920893125617124442e-01 1.104546827446774848e-01
3.339874144569601744e-01 3.262934837481980543e-01 1.089779169912148266e-01
3.069703360690768101e-01 4.510641211366825387e-01 1.384633048540302169e-01
