2.063000008366025918e-03 9.898069808378252565e-01 2.041971809749184436e-03
5.410923181268991744e-01 8.077019827749744307e-02 4.370413382154036963e-02
5.345001595975048536e-01 8.688352958543579807e-02 4.643926042980996843e-02
5.377021201100605774e-01 8.487936885604062398e-02 4.563981658749689113e-02
5.150278106881115425e-01 8.999156726712620458e-02 4.634815986997992826e-02
5.409344304901937406e-01 8.080480240640222633e-02 4.371009977057982443e-02
1.098839275039499531e-03 9.906785025000646172e-01 1.088596447484387920e-03
5.451594581531394867e-01 7.972801576575901106e-02 4.346448187448614248e-02
5.607823711793508137e-01 7.665125889132681780e-02 4.298467471496054959e-02
2.137602354273795361e-03 9.896908640471102636e-01 2.115565520990369576e-03
