7.141049138308896982e-01 3.090885341950186382e-02 2.207216410774497789e-02
7.928021163211281808e-01 2.008113322903476439e-02 1.592036492210529078e-02
7.112040201840988951e-01 3.161454034892939580e-02 2.248438819243099226e-02
6.342209169141747038e-01 7.551083168018954406e-02 4.789054890516172142e-02
7.905890373263598780e-01 2.090577105070062086e-02 1.652787340953868617e-02
6.592150736917327114e-01 7.786135852903253163e-02 5.132738120045460262e-02
7.796546568468022409e-01 2.494863156112711589e-02 1.945131677858786060e-02
7.109027602288473524e-01 3.129980080253138425e-02 2.225111478513265226e-02
7.859218430530220401e-01 2.338534071986353088e-02 1.837905007897802992e-02
7.180469624336035528e-01 3.040442762018982781e-02 2.183180689720966294e-02
