2.570927769026102316e-01 4.930219487462599304e-01 1.267523818771123523e-01
2.915092921283860550e-01 4.989795329467681673e-01 1.454571704358650630e-01
2.953622339036386935e-01 4.972121196573942026e-01 1.468576823859712444e-01
3.017121119670258533e-01 4.415192098007470478e-01 1.332116932629957839e-01
4.080168368330500117e-01 2.425280824587870421e-01 9.895554104801941586e-02
3.079974130369159124e-01 4.321854769875448921e-01 1.331120088642893939e-01
5.967931194770135228e-01 8.637201994496122859e-02 5.154622721848424460e-02
6.643264580299919064e-01 4.046422790892884036e-02 2.688145720365704358e-02
3.402934127105262108e-01 3.741118707041831137e-01 1.273078052174456132e-01
6.302065056707277790e-01 8.202879171744498210e-02 5.169507819264294174e-02
