2.408303835654496128e-01 4.440582031001651941e-01 1.069427073779971038e-01
3.996584792443944045e-01 2.295459948142307138e-01 9.174000320409708698e-02
2.470423316824587046e-01 3.876059115369590025e-01 9.575506815999516863e-02
3.717831408016034067e-01 3.253476040282939352e-01 1.209587540779155090e-01
3.291654262199865677e-01 2.988378517021738623e-01 9.836708882621120198e-02
3.880109337824605431e-01 2.374448460213276491e-01 9.213119642656790453e-02
4.154559773365380515e-01 2.180374455892944707e-01 9.058496005326256706e-02
3.014687230472419821e-01 4.038343037887061615e-01 1.217434118858532477e-01
3.399801667546737960e-01 3.145455629744504100e-01 1.069392529519963969e-01
3.718242192688311354e-01 3.253073107218431015e-01 1.209571368315923712e-01
