3.218797625457188727e-01 3.279789639002971269e-01 1.055697910202185452e-01
3.281534004346424171e-01 3.275766636702532320e-01 1.074953960864287877e-01
3.231243206310396854e-01 3.112488026244802919e-01 1.005720578952597616e-01
5.043288610082705681e-01 1.468061332481373216e-01 7.403856997006150187e-02
4.655239051635917114e-01 1.759528321244434035e-01 8.191024953516476415e-02
3.282669727457772635e-01 3.274364796594809723e-01 1.074865819443520942e-01
4.654500369190266440e-01 1.759959005869476956e-01 8.191729842579215104e-02
5.135909229707406043e-01 1.506227069233543880e-01 7.735845506911694092e-02
3.291281878053754495e-01 3.112124967566196609e-01 1.024288050798925070e-01
3.344174644217153824e-01 3.189602374597116929e-01 1.066658738626250214e-01
