4.024208694138204923e-01 2.246507174418059249e-01 9.040413702737007395e-02
3.798831166777988377e-01 2.291770003311814352e-01 8.706047315667814201e-02
2.757905482755598214e-01 3.571701321305745802e-01 9.850414656794530266e-02
2.724210839233012771e-01 3.680657983534946220e-01 1.002688837425542434e-01
3.992280698434179098e-01 2.368805690676319131e-01 9.456937237228113524e-02
2.730126310420065150e-01 3.679057059816103759e-01 1.004429047654063212e-01
2.804502647356490463e-01 3.443170197755364703e-01 9.656379934903891460e-02
2.762989580736701090e-01 3.571798193983400926e-01 9.868841194470302780e-02
3.873384739869087934e-01 2.277581517626142693e-01 8.821949494180979234e-02
2.999202885302196808e-01 3.637875806111167676e-01 1.091072761405966901e-01
