1.815745555060488403e-02 9.714437366264533358e-01 1.763894646770834337e-02
1.375829197287378562e-02 9.761296332865109227e-01 1.342987649813003580e-02
1.413849407608280470e-02 9.770602325110117059e-01 1.381416030933302688e-02
9.242861235552358654e-03 9.822304767900454925e-01 9.078619998300821795e-03
5.898714226863056576e-01 7.667584497822708955e-02 4.522888976298143626e-02
9.319959583493119329e-03 9.822303524963637011e-01 9.154347186946309306e-03
5.850832314694470737e-01 8.205879303480990983e-02 4.801122379928914052e-02
1.375829197287378562e-02 9.761296332865109227e-01 1.342987649813003580e-02
5.875661627080668303e-01 8.351355114454540873e-02 4.906973678012442608e-02
6.230472391640351493e-01 5.323672891760349718e-02 3.316899697423700971e-02
