2.234800639274199807e-01 5.361984100832637434e-01 1.198296549631887309e-01
4.243467525490321468e-01 1.949337553450275207e-01 8.271950604284997177e-02
4.409202948749572637e-01 1.836037328912515088e-01 8.095461204655350629e-02
4.151463799108258690e-01 2.111267619075768431e-01 8.764851090822536883e-02
4.265349633856737599e-01 1.941830866161865787e-01 8.282587573995225938e-02
4.211266135162309854e-01 2.102576554432085687e-01 8.854509440266095099e-02
4.339641588389109850e-01 1.887317245594515580e-01 8.190280409465942879e-02
2.393593307730036701e-01 5.105217935660461004e-01 1.221981548530023248e-01
4.328223292175471526e-01 1.967303489667838745e-01 8.514928786758427237e-02
4.288827334077837672e-01 1.896553123821623221e-01 8.133988877976887355e-02
