1.629060535457995673e-01 6.849174150020584939e-01 1.115771930827759717e-01
5.601757777904174951e-01 7.306070580968135331e-02 4.092683770285512890e-02
5.561675998932084086e-01 7.322183518117904300e-02 4.072361233249243567e-02
5.586176472141873850e-01 7.268989441711419530e-02 4.060585779553602809e-02
5.634402216206865210e-01 7.121398235487136352e-02 4.012482200052037984e-02
1.712101640554922199e-01 6.813663011600014086e-01 1.166568362034877543e-01
5.653427296486762677e-01 7.118116256026918443e-02 4.024175274138874076e-02
1.333127436372014418e-01 7.796836200345617085e-01 1.039417625557926966e-01
5.638259025603992169e-01 7.079694438886124930e-02 3.991715106856808665e-02
5.519267063786271743e-01 8.083961384222521085e-02 4.461754181285943616e-02
