3.763991487264448654e-01 2.787260654321902509e-01 1.049122537565477797e-01
3.828986769647704791e-01 2.641862060776740684e-01 1.011565487794836016e-01
2.846161908026703657e-01 3.686441125957874987e-01 1.049220830888437511e-01
3.816436464158038389e-01 2.825327670519992007e-01 1.078268354496718512e-01
2.848698684937035486e-01 3.725834852090138538e-01 1.061378084344175160e-01
3.792256949265442323e-01 2.698226489157901087e-01 1.023236815420114770e-01
3.737758123965398971e-01 3.077747666332710241e-01 1.150387634335063580e-01
4.747542359446681459e-01 1.738264761552532067e-01 8.252485587404130574e-02
3.793077163505479410e-01 2.642719851214984095e-01 1.002404031718615446e-01
3.872793512355984791e-01 2.638381513511623977e-01 1.021790680864778089e-01
