7.985332969586535559e-03 9.828959032775725913e-01 7.848751062113938290e-03
5.450902410744302706e-01 1.019458710833098525e-01 5.556969944534415756e-02
5.691707017873892660e-01 9.615825386468782043e-02 5.473046083481430263e-02
1.915410352813310957e-01 6.735222822485349425e-01 1.290071552269292654e-01
5.541819459555483718e-01 9.927023146063149173e-02 5.501377004631045897e-02
8.758048300816216603e-03 9.814731737142255996e-01 8.595789461344573168e-03
5.785943809730584864e-01 9.364216616380760527e-02 5.418083116452454551e-02
5.422107326161300644e-01 1.017301924537347968e-01 5.515920217951945231e-02
5.557573192802224282e-01 9.814085225028162940e-02 5.454249695849290591e-02
5.720105028018276361e-01 9.461948280138204881e-02 5.412333793206743071e-02
