3.727684908289625731e-01 3.236570811468544862e-01 1.206491616852200244e-01
2.983508050724137939e-01 3.586162749758917134e-01 1.069934543511274067e-01
3.092215710535872741e-01 3.422009740137743616e-01 1.058159228006071012e-01
3.802334222429220589e-01 3.144875772668322966e-01 1.195786877570530204e-01
3.367219259508924534e-01 3.405285596705093232e-01 1.146634324535373006e-01
2.985217761633194855e-01 3.612476995751638387e-01 1.078403049120911367e-01
5.458702738567048351e-01 1.637791316285538978e-01 8.940215943409202115e-02
3.519357784136834533e-01 3.310247399852207506e-01 1.164994495408858272e-01
3.063324408534783272e-01 3.934461045231748000e-01 1.205253055428768955e-01
2.971376830774083988e-01 3.584252990454738219e-01 1.065016629146993271e-01
