3.166887952213395252e-01 3.908900571923719647e-01 1.237905012762527818e-01
3.625789432044442817e-01 2.894273961376588322e-01 1.049402794260063942e-01
3.417346149549186918e-01 3.447750550008059633e-01 1.178215706667613411e-01
3.533780998549161945e-01 3.006749644397807009e-01 1.062519476076742020e-01
3.853282588257223584e-01 2.727672479023082186e-01 1.051049286988805925e-01
3.816767867940257797e-01 2.818569135145649884e-01 1.075782410859207894e-01
3.646065287083631312e-01 2.910741202463176247e-01 1.061275245798505434e-01
3.676591932750651881e-01 2.834112202130660840e-01 1.041987405886377199e-01
3.710952414405537247e-01 2.871580602453502884e-01 1.065629896983493335e-01
3.163992432651214770e-01 3.451165547827644842e-01 1.091946167715325267e-01
