1.061220036114586401e-01 7.841878833715227870e-01 8.321958939121484877e-02
1.071022280828982237e-01 7.831788920134170606e-01 8.388020432213251498e-02
2.963597668340161029e-01 3.806652481471397564e-01 1.128138641826992167e-01
3.031129540342906714e-01 3.420484662196384695e-01 1.036793210187328951e-01
3.018363459539261662e-01 3.738729313584319147e-01 1.128484394523121409e-01
3.048027084479256188e-01 3.411723931302059754e-01 1.039902694737472322e-01
2.952419342888075171e-01 3.806337428379576449e-01 1.123790424910671437e-01
4.295590200350926091e-01 2.665397827624631510e-01 1.144945678838101416e-01
1.062046317718371297e-01 7.838625033001456188e-01 8.324982852274243061e-02
2.938282769985232634e-01 3.812674572254728944e-01 1.120271600321688654e-01
