5.192035016772581502e-01 1.433691077317160445e-01 7.443774276665103551e-02
4.953018798643335496e-01 1.562365126118496761e-01 7.738423840009679699e-02
5.122023437548574032e-01 1.384124089057754414e-01 7.089516024629387292e-02
5.078690587360487063e-01 1.541279245252686336e-01 7.827680395358893595e-02
5.146949331269976557e-01 1.385985565861702629e-01 7.133597481361730885e-02
5.173667821470233630e-01 1.372639145472736300e-01 7.101578977422694228e-02
5.343163314701564470e-01 1.123503300099100710e-01 6.003061617035657799e-02
4.396560956928018959e-01 2.060630418544689424e-01 9.059687244831823860e-02
5.175996863768940193e-01 1.375380811804616521e-01 7.118966768388673705e-02
5.203971285999665630e-01 1.288641124222643097e-01 6.706051408412963544e-02
