3.520519431390805587e-01 3.143635073269174240e-01 1.106722836064578663e-01
3.584954844395653040e-01 3.067415049035092656e-01 1.099654443981048502e-01
3.707017019417411241e-01 2.965363669607807839e-01 1.099265359199821240e-01
2.630653941139754481e-01 4.471854329031624276e-01 1.176390121486991513e-01
4.996888260706729423e-01 1.806267229198033064e-01 9.025715513278922963e-02
3.765468159572640250e-01 2.816576967188204605e-01 1.060573088893285720e-01
3.346482969846638622e-01 3.268088079469763096e-01 1.093660110190437101e-01
3.953905020099501844e-01 2.797056819949270134e-01 1.105929700190096815e-01
3.773162095778013758e-01 2.892928679844279372e-01 1.091548884057756408e-01
5.013007869403885985e-01 1.798503527405739821e-01 9.015912336035621089e-02
