6.187712320944170896e-01 5.088446462785352342e-02 3.148584287224170941e-02
6.037877574585619467e-01 5.656910488755936828e-02 3.415573298149764819e-02
6.016418979103046460e-01 5.726943977335044456e-02 3.445569443749844918e-02
6.055664378150932281e-01 5.378982056540178303e-02 3.257331003050339957e-02
6.078451571711445123e-01 5.539018440218457240e-02 3.366865534368455870e-02
6.037012940969938013e-01 5.667530911996467025e-02 3.421495745906982799e-02
5.973029748268144923e-01 5.587844410004498552e-02 3.337636088965072884e-02
6.168547308151876019e-01 5.232220068317733341e-02 3.227519701807957803e-02
2.232520629507130875e-03 9.893789385361345667e-01 2.208808890681787911e-03
6.059256732756217456e-01 5.525698700969437077e-02 3.348162705703134484e-02
