4.970315375563552629e-01 1.288500846523259469e-01 6.404255568901209839e-02
6.656556384560655681e-01 3.891345828314395766e-02 2.590296291799966399e-02
3.682798586720090195e-01 3.577924252051898346e-01 1.317677437884826608e-01
3.191128254835537414e-01 4.298561106836366053e-01 1.371725980316264859e-01
6.271376733008805493e-01 8.272644980565192763e-02 5.188087325155862906e-02
3.949305330659038660e-01 3.159770100782725577e-01 1.247889690267826590e-01
6.222403140837029500e-01 8.560873366846447063e-02 5.326920532617340776e-02
3.497707827778898659e-01 3.786870721927417804e-01 1.324536736687225713e-01
3.807611794560561425e-01 3.372905803138438463e-01 1.284271591797168099e-01
3.955009873405427867e-01 3.167017430766927433e-01 1.252558520793028984e-01
