3.446918905452845960e-01 3.181205550087929934e-01 1.096535755272960572e-01
3.588523115527645913e-01 2.980345551439937957e-01 1.069503890360220671e-01
3.619884893435642015e-01 2.938701285949344433e-01 1.063776039132792728e-01
3.622803941987108312e-01 2.950801780120320128e-01 1.069017632104247162e-01
3.559158880787887669e-01 3.028577028867035503e-01 1.077918682844230397e-01
3.564106070916380764e-01 3.015191331964817145e-01 1.074646173123025295e-01
3.267524995981738734e-01 3.644313319661994788e-01 1.190788486518475631e-01
4.052732180666303585e-01 2.555274763539630012e-01 1.035584426464153801e-01
3.569238594904098338e-01 3.070170594119310259e-01 1.095817137747028824e-01
3.683220996298044447e-01 2.876013751784322059e-01 1.059299423621392761e-01
