4.087408045387804778e-01 1.460119795027862710e-01 5.968105397426878150e-02
4.391458189924524746e-01 1.159171980925060852e-01 5.090455289164393798e-02
4.372618489858262625e-01 1.163219379723474250e-01 5.086314567540323184e-02
4.083430145553412771e-01 1.459658661937422441e-01 5.960414182373428849e-02
4.102614450783965139e-01 1.452513217415037083e-01 5.959101715721642351e-02
4.096328888534463974e-01 1.455933699989123697e-01 5.963983275056317090e-02
4.386898934985506981e-01 1.159901235262297547e-01 5.088369493660547388e-02
4.393928170611305917e-01 1.158961206602786009e-01 5.092392294337651226e-02
7.711447284555643551e-03 9.834697596355482796e-01 7.583975207384139987e-03
4.405378153354780890e-01 1.156286322682600620e-01 5.093878504968865628e-02
