3.577065919981943787e-01 2.994968557693999944e-01 1.071319995914468276e-01
3.624964352085484620e-01 3.024347928874548952e-01 1.096315343047380708e-01
3.254605987235910103e-01 3.314218474118868496e-01 1.078647528887513168e-01
4.077920287242139397e-01 2.705903459708453029e-01 1.103445861366379316e-01
3.321048848503156958e-01 4.258727382740577494e-01 1.414344167053945833e-01
3.618753510629068582e-01 3.282990855746001913e-01 1.188033468459397390e-01
3.848585450129658470e-01 2.705393214721966144e-01 1.041193696305846156e-01
3.776563592960575644e-01 2.723576241944979381e-01 1.028575887798179322e-01
4.385370688385808458e-01 2.328505747749348431e-01 1.021136085391787240e-01
3.961907594682751999e-01 2.841688708568131383e-01 1.125850807620030064e-01
