4.619534845784872140e-02 9.376822187959411581e-01 4.331655684000725037e-02
4.456257647766864727e-02 9.403149031278761338e-01 4.190285478372756528e-02
6.661543685673293469e-01 3.854930378763431198e-02 2.567978712336169145e-02
4.777954213697403751e-02 9.361243222138557751e-01 4.472759149866318423e-02
4.524438375128636558e-02 9.395358655941610238e-01 4.250872125103923038e-02
4.504509638071223926e-02 9.398460221274018700e-01 4.233545464975782546e-02
4.792504914326808224e-02 9.359707993195248710e-01 4.485644655405213871e-02
4.533492946646896365e-02 9.389175158664707643e-01 4.256575935663870630e-02
5.923350483845313263e-01 8.874188150644812811e-02 5.256492667585629941e-02
6.219889897427777203e-01 6.692324652093017967e-02 4.162552249386022862e-02
