3.445921280020947663e-01 3.150664343642444187e-01 1.085694130796072965e-01
3.846100391391040207e-01 2.747766179274834242e-01 1.056818457756000251e-01
3.998570729402751711e-01 2.530621922274834956e-01 1.011887074559308097e-01
3.564444407899484135e-01 3.186865490898485587e-01 1.135940487776095076e-01
3.768173115272543394e-01 2.864857612912452556e-01 1.079527943606057860e-01
3.246150809244307545e-01 3.530267244170973151e-01 1.145977987151427652e-01
3.626351025310987630e-01 2.949596189055516127e-01 1.069627116443485210e-01
4.055421059170275511e-01 2.485675889443891284e-01 1.008046234832256222e-01
3.911750091711411748e-01 2.596200591487786702e-01 1.015568790185357173e-01
3.270101480377473613e-01 3.502219041762311691e-01 1.145261167307311256e-01
