4.139049787087072940e-01 2.248997383924689064e-01 9.308712143092867652e-02
3.703968327550092310e-01 2.448518442459661215e-01 9.069234760292868569e-02
3.987514018411693062e-01 2.261059937879115189e-01 9.016008198762043291e-02
4.174609491200029221e-01 2.217036044865790256e-01 9.255259715229301187e-02
3.962166280357133363e-01 2.279903542919461124e-01 9.033356940222250775e-02
3.963897111214487734e-01 2.272296986411559971e-01 9.007151460258168429e-02
4.019609006133604834e-01 2.207519116450456786e-01 8.873363721696353457e-02
3.895416723853431518e-01 2.284853242997711975e-01 8.900455534324035189e-02
3.807318043070937463e-01 2.309218213015998278e-01 8.791928167803837735e-02
4.128990460826215125e-01 2.156865944366624377e-01 8.905678909570717561e-02
