5.867081123129775921e-01 7.352545821526834668e-02 4.313798279642680478e-02
5.589940583754976489e-01 7.814172129857754889e-02 4.368075791713892791e-02
5.539616710708559211e-01 7.861049847483844721e-02 4.354720309883447493e-02
5.651826930943328886e-01 7.770624370381380708e-02 4.391822408676603756e-02
5.295112308007744566e-03 9.864103332665826729e-01 5.223153496425903333e-03
5.846463666987574692e-01 7.374784531003586441e-02 4.311640981237446768e-02
5.547865948433063910e-01 7.918164781223779869e-02 4.392891676383334915e-02
5.521645989035255386e-01 7.955544625571578377e-02 4.392770107237829041e-02
5.854253449891105854e-01 7.370765024874911808e-02 4.315032657521065268e-02
5.491368705655422788e-01 7.945734222514216905e-02 4.363295625296989555e-02
