3.253389897697828714e-01 3.235590955127105595e-01 1.052663892649299410e-01
3.361685009480510633e-01 3.145732518353940854e-01 1.057496185078581757e-01
3.977816178119600865e-01 2.403777524769439289e-01 9.561785126628165321e-02
3.264432726873979229e-01 3.047653427881492627e-01 9.948859590146011400e-02
3.387024261837442429e-01 3.150649131483025944e-01 1.067132504887007560e-01
3.431668925294364403e-01 3.027498496743382117e-01 1.038937251264966527e-01
2.483434956295440255e-01 4.278092037820611093e-01 1.062436331297290093e-01
3.400915803861895292e-01 3.037974251113008672e-01 1.033189464233573718e-01
3.360580423366529845e-01 3.218071482263983318e-01 1.081458802429045296e-01
2.478681515692942039e-01 4.277979519396543084e-01 1.060374875924118693e-01
