5.507084890138198574e-01 8.095165694569361747e-02 4.458076467972802576e-02
5.557230616241036758e-01 7.912137888248435558e-02 4.396957491249491035e-02
5.624038363447100286e-01 7.888637044209964588e-02 4.436599737194678317e-02
5.618155090398593288e-01 7.956258613376498978e-02 4.469949482926883350e-02
5.783290969640708656e-01 7.584935398559447539e-02 4.386588839579700499e-02
5.524030487705853254e-01 7.977465262821384351e-02 4.406776132643971250e-02
5.519335842543139359e-01 8.057135615015635632e-02 4.447003738818666035e-02
5.512379673161326155e-01 8.093101802822608160e-02 4.461224987070462611e-02
5.526394735790585155e-01 7.980511332133174984e-02 4.410345581481788652e-02
5.507077265449326076e-01 8.062918319182127425e-02 4.440311416874278411e-02
