4.847671270378052233e-01 2.065959420130037416e-01 1.001509212673128285e-01
4.384845299024046072e-01 2.443979544719606101e-01 1.071647221757469348e-01
3.082085416785700915e-01 3.862540845322771088e-01 1.190468081110842707e-01
3.137388797966659815e-01 3.710214749471935636e-01 1.164038619304392785e-01
2.948108326201426266e-01 4.148195149205540777e-01 1.222932865808122188e-01
3.016837715056551184e-01 3.953818443289977003e-01 1.192802859820338429e-01
2.959108471487040815e-01 4.141949499145770597e-01 1.225647785139375584e-01
2.969555590494309949e-01 3.988126183874409758e-01 1.184296240492099112e-01
2.964348643220799939e-01 3.980913231832878818e-01 1.180081473756352389e-01
4.387524578036146039e-01 2.416783940817787968e-01 1.060369894014109998e-01
