5.418937003643867212e-02 9.051238832952062108e-01 4.904809304070226195e-02
5.871086174570587790e-01 6.349601548057828837e-02 3.727905786283432221e-02
5.993925851495199852e-01 6.172356914246496240e-02 3.699664967295721724e-02
5.727609492498775268e-01 6.840607308443633072e-02 3.918032735429825136e-02
6.012605522453284834e-01 6.060453936212478049e-02 3.643911880544489085e-02
5.836801492415862880e-01 6.401476096523477100e-02 3.736414523385270248e-02
5.932024186450459702e-01 6.235001715539836842e-02 3.698618097914242037e-02
2.692613782738733641e-01 5.061229312427104610e-01 1.362793580424250528e-01
6.005487032697344185e-01 6.136101704838643062e-02 3.685027921972054005e-02
5.983956443673805747e-01 6.031682827658672169e-02 3.609332732276475386e-02
