2.257197922665586942e-01 5.364977950658772476e-01 1.210981708537365864e-01
3.629624814516665965e-01 2.512011410762937103e-01 9.117658950854173883e-02
3.860958678654184961e-01 2.553030934811503228e-01 9.857146944633080055e-02
3.618190472273313807e-01 2.557240740489096220e-01 9.252584082546801147e-02
3.627583551299439768e-01 2.531726904096629482e-01 9.184050873683187455e-02
3.795569049777124948e-01 2.470887343474466036e-01 9.378423526377703545e-02
3.827765732237567442e-01 2.450432373578467493e-01 9.379681068749222417e-02
2.256892151835335203e-01 5.365007858007833086e-01 1.210824412927278132e-01
1.873094224534682661e-01 6.374935209443065576e-01 1.194085432259060359e-01
3.700386400342107196e-01 2.481656729329456690e-01 9.183088811528195006e-02
