6.448106848109250722e-01 4.565582924331107462e-02 2.943936651999007337e-02
6.728794899208628832e-01 4.292069915193803820e-02 2.888045815240287972e-02
6.494079861659237674e-01 4.314417475003110014e-02 2.801817163920839251e-02
6.534402103330890776e-01 4.597540799772684150e-02 3.004218027218421433e-02
6.194730479219690000e-01 5.003166957603970288e-02 3.099327084489416143e-02
6.335533215684719943e-01 4.706074817565156915e-02 2.981549332218146053e-02
6.479441196843943596e-01 4.297185503978658005e-02 2.784336078495992101e-02
6.536289553041212397e-01 4.229350007889172425e-02 2.764425627272076857e-02
6.519325582736373859e-01 4.624352114016465343e-02 3.014765704048857561e-02
6.680145862883948293e-01 4.109398736182427736e-02 2.745138296644956954e-02
