5.967564527821408449e-01 6.055151005698719557e-02 3.613450435220980778e-02
1.343666752058356173e-02 9.760545671619293984e-01 1.311492070090194278e-02
5.902236054921859987e-01 6.166487920701189951e-02 3.639606733780269276e-02
1.335416304652041475e-02 9.761041533960844729e-01 1.303505401483708546e-02
5.904990947633173004e-01 6.342969570936718426e-02 3.745517789749399501e-02
5.896803796518812479e-01 6.383202249599653766e-02 3.764049125938666307e-02
5.903424304964168812e-01 6.192046268925302521e-02 3.655427644143632859e-02
5.835862707389728454e-01 6.421732568016444431e-02 3.747634961051724001e-02
5.898654376623448936e-01 6.361508132629301038e-02 3.752433778845949003e-02
5.848379121298870054e-01 6.325650046025377282e-02 3.699479965781805185e-02
