4.723458069067797416e-01 1.787115791326089054e-01 8.441366504897697409e-02
2.796269502850339816e-01 4.192832384873442786e-01 1.172428932838486676e-01
2.834132063264440671e-01 3.863672353401190751e-01 1.095015769872269423e-01
2.889405566061798436e-01 4.064269310439689864e-01 1.174332236755858683e-01
4.129314217371627960e-01 2.363025474352337396e-01 9.757674687254441759e-02
2.796686692245071715e-01 3.970692058004501312e-01 1.110478163762438492e-01
2.801622829179175045e-01 3.962880743712258735e-01 1.110249716089881100e-01
4.044450330452669662e-01 2.320333192813640033e-01 9.384472348435424216e-02
3.018640366915556483e-01 3.837798491823660174e-01 1.158493344750654297e-01
2.760549292503295393e-01 4.133530044926502223e-01 1.141081344106297107e-01
