5.131312731615406131e-01 1.103894955089002178e-01 5.664430237414214142e-02
5.727841436177504297e-01 6.480371391662759217e-02 3.711853977898522949e-02
5.931231131718019828e-02 8.947249145897741007e-01 5.306820267738614205e-02
6.123728697659330811e-02 8.896058410400168315e-01 5.447704818382115982e-02
4.370874593735677438e-01 2.083443143085052240e-01 9.106468701603261107e-02
4.642937729838270133e-01 1.695240974768886799e-01 7.870898282922271505e-02
5.852824765284121433e-01 5.898754193148006419e-02 3.452437462598020868e-02
5.996579999639302105e-01 5.280708276075899571e-02 3.166618963224647476e-02
4.311092369150080761e-01 2.129207479772743938e-01 9.179210118385551509e-02
2.805264823852907652e-01 4.462818422945795671e-01 1.251938753713254804e-01
