3.701399331425734296e-01 2.182897315191417720e-01 8.079774663020543313e-02
4.351387736071267720e-01 1.770135085705569211e-01 7.702544103128676489e-02
3.711134567975564735e-01 2.182014445825137261e-01 8.097749237723711468e-02
3.685944484774761887e-01 2.395314138853266162e-01 8.828994939409204323e-02
3.729413296112634169e-01 2.174324777905021211e-01 8.108955736786135904e-02
3.112422374665164693e-01 3.010959963327310418e-01 9.371379159080925336e-02
3.577824510679237791e-01 2.772113465645506536e-01 9.918135503770460215e-02
3.639515195441727080e-01 2.403334985817489333e-01 8.746974200619479778e-02
4.180974581358213871e-01 2.141294446595830570e-01 8.952697652420671393e-02
3.738947537940464638e-01 2.103520393438795821e-01 7.864952396055542583e-02
