6.968352160984884851e-03 9.836396868715975295e-01 6.854347737642192337e-03
4.334385382611200543e-01 2.150405177518037170e-01 9.320684768125624131e-02
4.333714073751720464e-01 2.106515753960719328e-01 9.129036969519285782e-02
4.259640237327084744e-01 2.054718691546371101e-01 8.752362414898981480e-02
8.216667659180087666e-03 9.814449708611288070e-01 8.064207151339580076e-03
4.326316904719324508e-01 2.068515640184458992e-01 8.949054181806340158e-02
4.295727445771022057e-01 2.080616530353650295e-01 8.937761533565052874e-02
8.045697000968222989e-03 9.827482136981449123e-01 7.906894355658042328e-03
4.326914519389107872e-01 2.154633569509664115e-01 9.322915275874546492e-02
4.259229609977234210e-01 2.051704248285637078e-01 8.738679485214267961e-02
