6.075606769244943361e-01 6.551235227654270132e-02 3.980272909605222370e-02
6.529133298739628888e-01 4.098244807641653054e-02 2.675798663995990201e-02
6.059329433844757862e-01 6.616351337276636657e-02 4.009065240261844992e-02
4.279795642231537522e-01 2.806327204271239495e-01 1.201050693951586507e-01
4.270556926955474397e-01 2.574984909449983261e-01 1.099661964185744134e-01
6.180007521084592836e-01 5.597852858381398983e-02 3.459477276672193180e-02
4.451752481428473129e-01 2.647784117733429921e-01 1.178727951640669708e-01
6.043184800107797017e-01 6.337672584467148040e-02 3.829972663051176701e-02
5.864813551758553123e-01 8.652128369132636165e-02 5.074311971084371348e-02
6.235224763928649550e-01 7.741495946393493754e-02 4.826996723480597024e-02
