3.734372458143762064e-01 3.294588123336049668e-01 1.230321914871368716e-01
4.696387536872910773e-01 1.702656177457232411e-01 7.996333251389817209e-02
3.459192626822708561e-01 3.731201275419566143e-01 1.290694394112285037e-01
5.090673608603620837e-01 1.584440783026138388e-01 8.065870878546418932e-02
6.571218516861877523e-01 4.048417210918307807e-02 2.660303414036870040e-02
6.249570830793574894e-01 7.791746525646384147e-02 4.869507180761682708e-02
5.504266878214453262e-01 1.105704652118658510e-01 6.086093493744366284e-02
6.251710334375910616e-01 7.789719861514558807e-02 4.869907216012385465e-02
4.199471844461990511e-01 2.703668192443531293e-01 1.135397845093405189e-01
4.221697509416500460e-01 2.688699740186826226e-01 1.135087699671551570e-01
