3.637505402414630828e-01 2.479232824392605672e-01 9.018222792571786717e-02
3.849986155980542613e-01 2.442072570745600357e-01 9.401945589270375991e-02
3.637920106694664257e-01 2.479150392380981005e-01 9.018951059962737604e-02
1.549920410539409599e-01 6.787466825304251383e-01 1.052003336839818781e-01
3.589436248585321509e-01 3.418014540310299609e-01 1.226874528918148466e-01
3.847705542405745471e-01 2.454400796245446159e-01 9.443811546998677475e-02
3.714419301927147643e-01 2.466758964550867517e-01 9.162577111129566187e-02
2.284661269131844363e-01 5.078169522515206813e-01 1.160189722617624430e-01
3.621507480741552598e-01 2.528353118560079382e-01 9.156449732821561605e-02
3.580873992750852608e-01 2.676512506655776003e-01 9.584254026356062162e-02
