5.769997861614952761e-01 6.982414620187027410e-02 4.028851742738812775e-02
5.615109413038732455e-01 7.225369960720511020e-02 4.057124287912904081e-02
5.750957809661557674e-01 6.876731421714363246e-02 3.954779227465324287e-02
5.939088062955706349e-01 7.177178056351135593e-02 4.262589252018266633e-02
5.592075149579492921e-01 7.287778733164781975e-02 4.075380634936469348e-02
5.828573122041971200e-01 6.871221980673336560e-02 4.004941975213660577e-02
5.742647930276968404e-01 6.955288905784605402e-02 3.994177543928232460e-02
1.172635821406994711e-01 7.844687893519011190e-01 9.198962031698172670e-02
6.423966667479572012e-02 8.848578308225232281e-01 5.684297210662167532e-02
5.665498792522593030e-01 7.519987021710243524e-02 4.260447739128495753e-02
