3.084550193177297839e-01 4.517949068003102031e-01 1.393584067047416164e-01
5.040918719496608746e-01 1.337028814522669140e-01 6.739853579633682534e-02
3.089044224254003379e-01 4.374627679267703573e-01 1.351341836590359557e-01
3.099673212960052382e-01 4.502530299571789740e-01 1.395637256012367544e-01
5.981163357271345182e-01 9.107497220998687915e-02 5.447342865468796091e-02
5.833234222215469833e-01 8.347734780094559492e-02 4.869429219722591629e-02
6.550345866399406303e-01 4.422789091945870249e-02 2.897079824638401635e-02
3.161461814490852951e-01 4.514274972338916947e-01 1.427170794516123831e-01
4.802982672038492717e-01 1.455094912361493409e-01 6.988795650243621871e-02
5.341250484275250621e-01 8.413127351350646599e-02 4.493662053967099890e-02
