8.923032877982264377e-04 9.909174923258724510e-01 8.841989363391497634e-04
1.013162473791372198e-03 9.908238637652683201e-01 1.003865556903944887e-03
4.330663208408248588e-01 2.081389842401674684e-01 9.013798412843575247e-02
4.362501409038020417e-01 2.117438647725516376e-01 9.237329084254125577e-02
4.279833450014367546e-01 2.033153389709677628e-01 8.701557886289575106e-02
4.279437407736903509e-01 2.030702176095547928e-01 8.690262856356020804e-02
4.943508196196731985e-01 2.097745998313526872e-01 1.037022453620181639e-01
4.335119001826057694e-01 2.047748866768406284e-01 8.877235023295494687e-02
4.333086418949242957e-01 2.052371349250303179e-01 8.893102420077021730e-02
4.361949105411123129e-01 2.117263127074224816e-01 9.235394003061371537e-02
