5.709462603601214159e-01 7.535239010981570340e-02 4.302216534239627216e-02
5.625291113501706963e-01 7.729736594375737069e-02 4.348201857405078335e-02
5.515769270944964608e-01 7.706894496875896228e-02 4.250945184028292329e-02
5.378563039960451153e-01 8.081026800355581297e-02 4.346431207332239477e-02
3.197682456390830152e-01 3.775195401771603843e-01 1.207187610569238900e-01
5.545773178117242574e-01 7.750494188589163169e-02 4.298248278823134372e-02
5.471499824851906446e-01 7.902811586398528210e-02 4.324023221081716578e-02
5.680135654875845264e-01 7.572179462862281552e-02 4.301100655212267143e-02
5.572025596838154904e-01 8.004383957178561049e-02 4.460063229631962278e-02
5.651480112733581196e-01 7.590193654166263459e-02 4.289582848831726553e-02
