0.000000000000000000e+00 9.916666666666669183e-01 0.000000000000000000e+00
2.008410224833799551e-01 6.560790638454420121e-01 1.317675900126572819e-01
5.791342783581235887e-01 9.714556266235158111e-02 5.626032532815485737e-02
5.684342942658956455e-01 9.971256354537422206e-02 5.668004068835806597e-02
5.431975658139747143e-01 1.069218030443140482e-01 5.807966314611262559e-02
5.633163511013966618e-01 1.011814206895847307e-01 5.699714870211223389e-02
7.536783036992898135e-04 9.909953050621778115e-01 7.468916604932223594e-04
5.405276932178104676e-01 1.057957445690514142e-01 5.718552976417005940e-02
5.502302597049733013e-01 1.034005249099250318e-01 5.689409767481860836e-02
5.514113775963604969e-01 1.028492836325353710e-01 5.671226517261514222e-02
