3.218436844745238834e-01 3.535407801814814399e-01 1.137848673056057192e-01
3.330332154299128211e-01 3.194781562579697143e-01 1.063968376382117831e-01
3.021635165410749280e-01 3.698932007720022730e-01 1.117682302899020569e-01
2.967452561032541958e-01 3.914941914986233007e-01 1.161740441191954076e-01
3.645570818193736851e-01 2.930785686993253591e-01 1.068438677488248861e-01
3.097624439689399267e-01 3.763496401493144350e-01 1.165789843194827147e-01
3.271685287581170276e-01 3.473858748149079578e-01 1.136537255745448532e-01
3.170683800826855081e-01 3.535117785017075631e-01 1.120874069496855391e-01
3.642427003505749328e-01 2.924009911948015628e-01 1.065049266179792092e-01
3.703600602148854337e-01 2.804482711007541540e-01 1.038668385720358245e-01
