7.209218818137439477e-01 5.389750497951662639e-02 3.885589071489876228e-02
1.904673496938390220e-01 6.396158564135294711e-01 1.218259369932400416e-01
6.656134581855245314e-01 5.168611952885400485e-02 3.440297675979088476e-02
6.958464535674439011e-01 5.756537937657363324e-02 4.005666508745323734e-02
7.025284428125031511e-01 7.315158790506491593e-02 5.139107114020719652e-02
6.389941597119127570e-01 6.988901687344509228e-02 4.465867361013874104e-02
6.749673536558418174e-01 4.334792502270720660e-02 2.925843423904853080e-02
6.678610068851499326e-01 6.676640190172812572e-02 4.459067640018673367e-02
6.568473407556368882e-01 5.428528845995014840e-02 3.565714736707091548e-02
1.650995550349957375e-01 6.803268357543853506e-01 1.123216578614156524e-01
