3.140694848668567629e-01 3.136825344312542674e-01 9.851811200055408946e-02
3.205715277071616298e-01 2.868330228524970105e-01 9.195050033268817313e-02
3.135708071527662510e-01 3.150220789522089060e-01 9.878172756798660192e-02
3.209548168999502571e-01 2.832994561035270253e-01 9.092632506156300698e-02
3.221634665610541015e-01 2.864431438316183964e-01 9.228151618944080425e-02
3.215647784500668127e-01 2.832896527997098568e-01 9.109597443973505015e-02
3.213405985771661255e-01 2.833087118720875042e-01 9.103859105510249405e-02
3.153597842460104661e-01 3.135493942076945650e-01 9.888086930780584649e-02
3.224053650928475068e-01 2.863543345820717123e-01 9.232217378685224352e-02
3.221069751801675096e-01 2.864503790497183733e-01 9.226766513491721500e-02
