3.993858473963851075e-01 2.535000628665771694e-01 1.012443374230048154e-01
4.095565575557898463e-01 2.327322737162078325e-01 9.531702885534190650e-02
3.798415140556876766e-03 9.876497746157988367e-01 3.751503857468237255e-03
3.975496828838588279e-03 9.875623352768398977e-01 3.926050932173508028e-03
3.984170309575142399e-01 2.538340052202136543e-01 1.011317907158916923e-01
4.047581516754652498e-01 2.460493542326263328e-01 9.959048184013964689e-02
4.473123971446208054e-03 9.869520184008692132e-01 4.414758732176147366e-03
4.090025644956575279e-01 2.328539693362143281e-01 9.523787061150486288e-02
5.294301954221008154e-03 9.859933012698086641e-01 5.220146261761570913e-03
4.300596173793154627e-03 9.874745327700764630e-01 4.246729197349173764e-03
