7.813651608960026952e-04 9.909367503549210143e-01 7.742834533788348680e-04
6.624018439747931808e-01 4.575070002372165490e-02 3.030534805885083671e-02
6.472209710175661490e-01 5.081107573548107603e-02 3.288599377596515549e-02
5.836905732144080476e-03 9.858351610068997184e-01 5.754226902230355836e-03
6.488936327723914266e-01 4.717412691316417994e-02 3.061099058554894378e-02
6.427888202030264120e-01 5.199534413659010618e-02 3.342202591360909913e-02
5.572712543821020104e-01 7.632841440873427974e-02 4.253563124255226036e-02
4.645464686525414832e-03 9.870001018543248517e-01 4.585074118761254050e-03
6.348728417380351541e-01 5.006393199585133791e-02 3.178423077478587794e-02
6.054431596537045435e-01 5.938238206100827227e-02 3.595265702278031134e-02
