5.386542043553299575e-01 1.148936976114714320e-01 6.188797327234901724e-02
5.227474225019467235e-01 1.034185723239254007e-01 5.406179212116316718e-02
5.150152677179202776e-01 1.047790327563918045e-01 5.396280160625786110e-02
0.000000000000000000e+00 9.916666666666669183e-01 0.000000000000000000e+00
5.296458462675969203e-01 1.341065357697305560e-01 7.102896962777469070e-02
5.312245438497575911e-01 1.016039421562267009e-01 5.397450782527868363e-02
5.312245438497575911e-01 1.016039421562267009e-01 5.397450782527868363e-02
5.242027901687331681e-01 1.026043071196752199e-01 5.378546407546336283e-02
5.160899327785013480e-01 1.044797447054108541e-01 5.392094442173046842e-02
5.233595438135576483e-01 1.027256197831282747e-01 5.376243350766298640e-02
