5.916361516969151912e-01 5.790260119435583497e-02 3.425727214386989350e-02
4.127253478016628119e-01 2.555342969150775634e-01 1.054654815695287573e-01
5.313107520439638298e-01 9.155690414761194496e-02 4.864516759748481467e-02
4.168770162840642612e-01 2.517144096424059341e-01 1.049339520474308757e-01
3.837483413230431406e-01 3.035342227948448213e-01 1.164807545323007371e-01
2.680921851354073904e-01 4.979890804145100103e-01 1.335069807418980958e-01
2.706339951850054160e-01 5.000849535319017436e-01 1.353399889062463501e-01
2.947157758041738518e-01 4.334430478894850114e-01 1.277425041256752547e-01
2.697465315194640945e-01 4.947239943150156249e-01 1.334500815259305473e-01
2.643827680926590928e-01 5.012383766583408118e-01 1.325187894952030154e-01
