5.918640276645996678e-01 5.920666624498045760e-02 3.504229594834783190e-02
8.869753432136495697e-02 8.357594320347252470e-01 7.412980090730451888e-02
8.887714023917370199e-02 8.222139137848545332e-01 7.307602132205638645e-02
6.137043294859432230e-01 5.541007843014653794e-02 3.400540502973660451e-02
6.219582192098812579e-01 5.367284123800225570e-02 3.338226475632256190e-02
7.107909103450579802e-02 8.875582925059281036e-01 6.308683667145939533e-02
5.887848369092006928e-01 5.990538314052476498e-02 3.527138124237705341e-02
6.125603575968396886e-01 5.523161905246927461e-02 3.383270031743300377e-02
5.927910846905317666e-01 5.889679213973947336e-02 3.491349329730894513e-02
6.163605852310451994e-01 5.473053729845936410e-02 3.373374599928796042e-02
