4.278157033510838758e-01 2.034598506737666235e-01 8.704331911970396296e-02
5.105229487790086118e-01 1.798820511738012939e-01 9.183391519766556654e-02
4.260279505282476009e-01 2.054049545403884847e-01 8.750825181118956908e-02
4.319880101510278347e-01 2.066407646334297854e-01 8.926633273008222069e-02
4.263638436091465866e-01 2.037649425090464761e-01 8.687800408095383564e-02
4.228739065196795432e-01 2.073296447322392211e-01 8.767429680525930247e-02
4.222350109421926789e-01 2.050518873252558105e-01 8.658008588849665232e-02
4.314704745959251353e-01 2.151531642283646684e-01 9.283223788042752056e-02
4.257890841635779133e-01 2.061543613101634309e-01 8.777827669858183357e-02
4.299038341824104048e-01 2.063711630545117526e-01 8.871975426181799573e-02
