5.236136186464632747e-01 9.899702392520959293e-02 5.183618993270949771e-02
5.814380563594110374e-01 5.951943215847224633e-02 3.460686294983792571e-02
9.609245680393048742e-04 9.907136639441187498e-01 9.520010995761393887e-04
5.382761325116864892e-01 7.532265202226051670e-02 4.054438582106595357e-02
5.579623735200867074e-01 6.749580951281188013e-02 3.766012207842816401e-02
5.360053381232217085e-01 8.311813900352962858e-02 4.455176620075983890e-02
3.815228229295243856e-01 2.660442763330963523e-01 1.015019633308453795e-01
4.122191835248621428e-01 2.183429693750451595e-01 9.000516056417509625e-02
2.854678283655048918e-03 9.889147632384172049e-01 2.823033499002584011e-03
5.008518397018618673e-01 1.083724334450840154e-01 5.427853266393791593e-02
