6.189716517712696708e-01 7.581931557391957677e-02 4.693000699695615285e-02
5.424450825156126310e-01 1.698035564008296416e-01 9.210910416329251560e-02
6.360175573700341811e-01 5.920102541044778427e-02 3.765289157535432751e-02
4.775649914031347421e-01 2.477151112526479459e-01 1.183000649757973838e-01
6.752040258348185331e-01 5.848531084949946945e-02 3.948951733778283124e-02
5.396026145354274606e-01 1.791600034729120550e-01 9.667520629415961297e-02
7.035733136370158070e-01 5.301059483000152006e-02 3.729683986241343063e-02
5.911231845705414711e-01 6.936258893397434511e-02 4.100183446070831267e-02
4.669644485849531734e-01 2.677016391403778117e-01 1.250071483064746358e-01
6.904156941889073584e-01 5.535927602425283478e-02 3.822091298607985937e-02
