4.020705810324112228e-01 1.474684170315123111e-01 5.929271211979008499e-02
4.039728907878674669e-01 1.469032401086165507e-01 5.934492657278202243e-02
4.371057601783231994e-01 1.162498461630440127e-01 5.081347737771048367e-02
4.362175898469881630e-01 1.163911640576458517e-01 5.077187306471166867e-02
4.362958285548980131e-01 1.163744323040050987e-01 5.077367936468179382e-02
4.038631430380721921e-01 1.469266214119362424e-01 5.933824711938948809e-02
4.381610173887456328e-01 1.160685961705477109e-01 5.085673418497065057e-02
4.024232026914649207e-01 1.476273269313147785e-01 5.940866170847964450e-02
4.367877622609659394e-01 1.162963985787683896e-01 5.079684369422962642e-02
4.039756110532446431e-01 1.469137538303510182e-01 5.934957347574201098e-02
