5.150131590797899506e-01 8.403914567331464969e-02 4.328126589958043724e-02
5.860600760468012149e-01 5.338331431294563584e-02 3.128582924587521019e-02
6.798385313182209655e-04 9.910445585211306030e-01 6.737502771359200936e-04
5.170935581498732336e-01 8.362916989612577401e-02 4.324410502670793938e-02
5.674195709908372853e-01 6.112763998836258372e-02 3.468501925787904894e-02
4.987576451877610006e-01 9.160661976439724019e-02 4.568950195730137054e-02
4.982619513535396782e-01 9.168169427221654899e-02 4.568149989147325674e-02
1.478262621612705906e-03 9.901120133535752377e-01 1.463645580550290530e-03
5.330519607539963012e-01 7.641910127820711329e-02 4.073535177540652669e-02
5.153642299482434908e-01 9.958133525091732163e-02 5.132065815880688248e-02
