4.428069625051413438e-01 2.034875618438095612e-01 9.010570916763441240e-02
4.538218950680116826e-01 2.061607493525143275e-01 9.356026195979941229e-02
8.364274671764738989e-03 9.823231471440357909e-01 8.216420619145086215e-03
4.408167198079144256e-01 2.030126876302953409e-01 8.949138704057556237e-02
4.325651477967585867e-01 2.046997891649579293e-01 8.854599455410534781e-02
2.582544677081541687e-02 9.590114305926124016e-01 2.476689865337305604e-02
2.582544677081541687e-02 9.590114305926124016e-01 2.476689865337305604e-02
4.428193433030849779e-01 2.034870920166545472e-01 9.010802045746939271e-02
5.924130997052882153e-01 1.316092787449039681e-01 7.796706077124586354e-02
2.563884676561929959e-03 9.889602599891499368e-01 2.535580056314883698e-03
