1.647729215009996195e-01 6.823251563588033086e-01 1.124287094268663911e-01
4.332300692347042514e-01 2.259354354592927328e-01 9.788202434660243922e-02
3.314503338636489160e-01 3.295016337166170040e-01 1.092134265039904628e-01
3.586749833793031472e-01 3.113026100841614907e-01 1.116564584978703145e-01
4.108629903746649492e-01 2.504203932467690685e-01 1.028884716201670935e-01
3.215462601136357401e-01 3.835131585378223074e-01 1.233172218322046293e-01
3.847763377109807426e-01 2.857372830008858555e-01 1.099449453005669347e-01
3.350319368116701502e-01 3.158260001432424691e-01 1.058117965234733338e-01
3.322690133475100227e-01 3.318821429646421350e-01 1.102741521905189065e-01
4.460738998294069280e-01 2.269988351526704973e-01 1.012582556532843903e-01
