2.931613883967093895e-02 9.573278189130828286e-01 2.806515525433529376e-02
6.096902291271483199e-01 8.299671752584428241e-02 5.060228772513320622e-02
2.763911757914672487e-02 9.598347549324812711e-01 2.652898564813033211e-02
2.881873361754249893e-02 9.584225311901161115e-01 2.762052361941877421e-02
3.221586146752133950e-02 9.545040347975595196e-01 3.075016975522834595e-02
6.693517586298289856e-01 4.035621237172387632e-02 2.701250172265223792e-02
2.716702370099578073e-02 9.606187935498564645e-01 2.609715353199092494e-02
2.714975784541264620e-02 9.599938614854012231e-01 2.606360087241125362e-02
6.270777340903007646e-01 7.623086189670910673e-02 4.780267614593899234e-02
2.927245808143220246e-02 9.574846802163783366e-01 2.802793016524745065e-02
