6.095931032907622171e-01 6.914115382074256799e-02 4.214797052269040473e-02
4.869534917376902583e-01 1.681665128622203964e-01 8.188927063160941766e-02
5.266335067632514910e-01 1.919414939042853596e-01 1.010828220281910633e-01
4.876134318127454681e-01 1.711947663344627890e-01 8.347686752072847050e-02
4.924722912901251526e-01 1.693172486960158318e-01 8.338405342026687650e-02
4.912407854757725456e-01 1.665854088616700035e-01 8.183354709800949589e-02
5.445812617616490048e-01 1.379816263602510751e-01 7.514220818318993744e-02
2.847450573538807816e-01 5.085274818465446156e-01 1.448006869844189193e-01
6.273485600669062023e-01 7.224848608205289291e-02 4.532498371058979458e-02
6.108404821215478453e-01 6.495093543766446154e-02 3.967466071698848989e-02
