2.703410319507453252e-01 4.966151646727886004e-01 1.342554561000310065e-01
6.105408748326182078e-01 8.583836926103466380e-02 5.240783306283742365e-02
6.275562536153066473e-01 8.047158120983563534e-02 5.050044402654435549e-02
1.928996971595538512e-01 6.726616329419168316e-01 1.297562252853467213e-01
1.505731863158780159e-01 7.495334326631926114e-01 1.128596372063745135e-01
1.942713983030011082e-01 6.698860591386511798e-01 1.301397014125526552e-01
2.747969772782122289e-01 4.982113493647127855e-01 1.369069728511224382e-01
2.207018639449658259e-01 5.747086332645581219e-01 1.268392665867517644e-01
6.488344014550071481e-01 4.437328950110232262e-02 2.879091673403747983e-02
2.497095821121534664e-01 5.017292523640161095e-01 1.252866019412616494e-01
