1.627615090946440135e-01 6.421798868882522271e-01 1.045221675001597322e-01
3.847894768142873234e-01 2.489698141929553299e-01 9.580096454585761145e-02
3.515649656862588346e-01 2.552060120538339749e-01 8.972149287063309331e-02
1.543173285646740334e-01 6.793062075763774965e-01 1.048287192305865090e-01
3.633593471428891997e-01 2.488226278112470047e-01 9.041202759587281534e-02
3.746367671968355850e-01 2.570831483849572718e-01 9.631279961172477255e-02
2.307513855605263509e-01 5.078718955558705339e-01 1.171921435867680494e-01
3.813672134899426802e-01 2.463093349073601779e-01 9.393430471018102135e-02
3.770279697776409145e-01 2.460656723506668420e-01 9.277364087834211182e-02
3.972489632158333062e-01 2.446639306081223042e-01 9.719249277038717605e-02
