5.508367382750421759e-03 9.859003030612898399e-01 5.430701072026564852e-03
5.749142286615974706e-01 7.404088273493086847e-02 4.256715698697657174e-02
5.782365111188284557e-01 6.438194576038733241e-02 3.722799169552801907e-02
5.873460693764946949e-01 6.896250724990372893e-02 4.050485756757897515e-02
5.664860182238903308e-01 7.043731976765968406e-02 3.990175680954445581e-02
4.621489714815279343e-03 9.870052208717425835e-01 4.561434476727741112e-03
5.749096884394488960e-01 7.404687637158675895e-02 4.257026662470333317e-02
5.847572289350255748e-01 6.230425272009004756e-02 3.643286217146738531e-02
5.890198702457454250e-01 6.695524327038479551e-02 3.943796870339437433e-02
5.490825947876008979e-03 9.859583448190446520e-01 5.413725663257291411e-03
