5.752744752978508069e-01 6.567294696057615622e-02 3.777997010400903355e-02
5.728340265007265675e-01 6.302897355781525435e-02 3.610514070933113634e-02
6.034924162258479274e-01 5.042066744255360722e-02 3.042849042262662021e-02
5.968372645929244102e-01 5.563253781295214584e-02 3.320357169064479252e-02
5.722110538241891309e-01 6.307169614443743078e-02 3.609032171728759203e-02
6.001028905086571719e-01 5.294994391438514331e-02 3.177541439529380646e-02
6.263998096333246446e-01 4.520939598692082229e-02 2.831915703984479518e-02
5.721132501748459331e-01 6.299752577932254960e-02 3.604171922658187116e-02
5.937424634893289088e-01 5.811158387377676066e-02 3.450331496648297025e-02
5.832530790258581010e-01 5.545028472243578033e-02 3.234154929722116850e-02
