5.952528308983506822e-01 9.660365040385204827e-02 5.750359637800753210e-02
5.814512044970229221e-01 1.003417778647786585e-01 5.834384760084826427e-02
6.400559232051850067e-01 8.301461475315788374e-02 5.313399588535524382e-02
1.020508879735304748e-02 9.794353815872783864e-01 9.995225040367542585e-03
6.251883298488817298e-01 8.688530105654089508e-02 5.431967625595608001e-02
5.907579259237234481e-01 9.839672109503086461e-02 5.812864287179551892e-02
5.669319988004665190e-01 1.050677350955441236e-01 5.956626106715475627e-02
1.092579565187627166e-01 8.187823575795296627e-01 8.945848722275427656e-02
5.832241102926175591e-01 1.001303759856451425e-01 5.839844944749316563e-02
8.856015434410781720e-03 9.821285730093676225e-01 8.697745801146796255e-03
