5.820060784668139586e-01 7.391794403316424844e-02 4.302069273507135722e-02
5.658300944004079902e-01 7.689941437630282151e-02 4.351200289587951742e-02
5.814360548013193242e-01 7.349484152626810374e-02 4.273255070528150096e-02
5.629210011521783574e-01 7.598131980528191609e-02 4.277148061365313586e-02
5.549909905150336442e-01 7.849049979105983399e-02 4.356152022506033783e-02
5.583097671502167403e-01 7.783047555868352618e-02 4.345351468635923198e-02
5.503293604675777440e-01 8.023279312083153592e-02 4.415446172671468744e-02
5.529560781861837526e-01 7.785924588039183636e-02 4.305274325255525197e-02
5.605563295977257221e-01 7.691557809964572057e-02 4.311551414842462043e-02
2.449370490589988965e-03 9.892888803653731022e-01 2.423134990235754904e-03
