3.432996200679853819e-04 9.913735780647771056e-01 3.403381726950772393e-04
4.046040058182012733e-01 2.852372355545775839e-01 1.154081281138919501e-01
4.086627596078066249e-01 2.783950603689593906e-01 1.137696936315608642e-01
2.843983489717049618e-01 3.683484661357980805e-01 1.047576956152809491e-01
2.826107001603385127e-01 3.679450417385342065e-01 1.039852058662521367e-01
2.844554510546394854e-01 3.677831505728526018e-01 1.046179219864971782e-01
3.855730035608235795e-01 2.697770708973515341e-01 1.040187555177330830e-01
3.383917185352640633e-01 3.491045394954169767e-01 1.181340850683161164e-01
3.863787251670530720e-01 2.679138417719459930e-01 1.035162086384520674e-01
2.859545052173572688e-01 3.685483566325890026e-01 1.053880629695421178e-01
