0.000000000000000000e+00 9.916666666666669183e-01 0.000000000000000000e+00
8.706841105526706833e-04 9.908196913736413425e-01 8.626909617017305618e-04
3.598881787988855762e-04 9.913489878435236546e-01 3.567747817891242924e-04
5.714078980817445252e-01 6.817799532011298291e-02 3.895744500129277171e-02
5.107786557384439430e-01 1.404523810174719556e-01 7.174007837136806010e-02
6.132325695250914199e-01 5.399380886879317359e-02 3.311076215105671072e-02
6.833174641497623703e-04 9.910313763145228716e-01 6.771890469560886729e-04
0.000000000000000000e+00 9.916666666666669183e-01 0.000000000000000000e+00
5.338681789672098388e-01 1.218118418624102306e-01 6.503146619172668619e-02
4.775557796568903335e-01 1.023827892006079765e-01 4.889349272014339304e-02
