1.858652100155927800e-01 7.327500548486206577e-01 1.361927428333760126e-01
6.642862018745634423e-01 4.344636473812672761e-02 2.886082061714716554e-02
1.856232369216694877e-01 7.311542691923712534e-01 1.357192221365856322e-01
6.384439865327188324e-01 7.780985920917719845e-02 4.967723670505667238e-02
3.955356990746343171e-01 3.798388102870439709e-01 1.502398093625633424e-01
2.841961292254793214e-01 5.662390386238280726e-01 1.609229429932486077e-01
6.235432079751663803e-01 8.882861309678380390e-02 5.538847837035345417e-02
1.861236679915408421e-01 7.316656885797993004e-01 1.361803017020286888e-01
1.882487596688946219e-01 7.298826031793250735e-01 1.373994947524119492e-01
1.881545054326932698e-01 7.292138377187962206e-01 1.372048689906563423e-01
