7.946499887286712083e-01 3.300260874787057375e-02 2.622552266951209618e-02
6.430624172388259563e-01 9.922270661028810557e-02 6.380639355779070543e-02
7.883753332307684714e-01 3.092898796593689451e-02 2.438365119413592880e-02
6.302806637481499497e-01 1.177198222404370054e-01 7.419652769801686476e-02
7.947265315774438843e-01 3.306959389085095680e-02 2.628128365355060850e-02
6.823243885083400961e-01 8.499868475176530769e-02 5.799667559726143229e-02
6.673752514926616086e-02 8.957026916589468923e-01 5.977698091085436455e-02
7.855910379128862031e-01 2.330885352766859722e-02 1.831122643536061204e-02
5.957347269441697762e-02 9.091689066526398300e-01 5.416234903508397591e-02
7.966029301264364593e-01 2.627135480556163499e-02 2.092783821650163675e-02
