2.457141788161559381e-03 9.894322386618098486e-01 2.431175300170174136e-03
5.601529591504454952e-01 7.039660142831072331e-02 3.943286460420272754e-02
6.485039119984972178e-01 6.393032271455929838e-02 4.145906437571809239e-02
6.552706515485950955e-01 5.932586773650736639e-02 3.887450000538696104e-02
6.608428926910433487e-01 4.878671237475745021e-02 3.224035213062063226e-02
1.851757392448638573e-03 9.898046737034550402e-01 1.832878121610585342e-03
6.941012306951195310e-01 3.349889849848283058e-02 2.325162667472782316e-02
5.403697775291133043e-01 7.492049543208550988e-02 4.048477144900699404e-02
7.180960812446544050e-01 3.151963086911830497e-02 2.263412340939189443e-02
7.022474248041868927e-01 3.276003816146940556e-02 2.300565243537877960e-02
