3.989019822143646254e-01 2.595836213135723769e-01 1.035484210923670045e-01
3.628815441857106139e-01 2.865110325599848906e-01 1.039695659216097329e-01
3.328280786396639601e-01 3.355931295182382756e-01 1.116948165022271372e-01
3.131410879178348483e-01 3.565589278245014926e-01 1.116532505657811536e-01
3.457991742555685533e-01 3.127337512718976198e-01 1.081430729516685563e-01
3.535041735508362426e-01 3.088780674843119023e-01 1.091896859740211084e-01
3.605538477930070318e-01 2.938991567446749831e-01 1.059664718274126588e-01
3.737739756111316813e-01 2.926031344694033365e-01 1.093674368469074454e-01
3.611601068511232082e-01 2.912247097713965283e-01 1.051787472987249089e-01
3.219532059192301010e-01 3.523001269174540484e-01 1.134241553068259800e-01
