3.607104814058294529e-01 2.839132557622420783e-01 1.024104871634947261e-01
3.429087099675299788e-01 3.145010671325274565e-01 1.078451552138265379e-01
3.645797261510838605e-01 2.857138202762006807e-01 1.041654663538772313e-01
2.852257764170976206e-01 4.228841289016996297e-01 1.206174540004552737e-01
3.100907745175329744e-01 3.432473864627959559e-01 1.064378479193673621e-01
3.597063102107795340e-01 2.842678706845784831e-01 1.022529468754247439e-01
4.140551264392058894e-01 2.477045703736107662e-01 1.025633472056145801e-01
3.533869201340870125e-01 2.985299595450714438e-01 1.054965829713863934e-01
3.597265196448577451e-01 2.842693967238721919e-01 1.022592407250218632e-01
3.493941340051079925e-01 2.941577421302015716e-01 1.027769895724796462e-01
