5.835091993918980480e-01 1.162366587020424447e-01 6.782515965921809276e-02
6.153473424054239915e-01 8.496385610058358739e-02 5.228228305201097770e-02
6.721372402555576553e-01 4.017795273072040374e-02 2.700509826754465825e-02
4.744527401962660845e-02 9.326177857293559414e-01 4.424830639950670663e-02
5.108360491390883523e-02 9.289430460924419375e-01 4.745375955410930519e-02
5.457501864540192926e-01 1.069842414261469310e-01 5.838666970596149974e-02
1.483721677663309979e-01 7.381844508598144339e-01 1.095260271854693046e-01
4.939363171079103609e-01 1.237038286207481075e-01 6.110181352108043362e-02
4.642675258090908641e-02 9.350503004223187364e-01 4.341134894841170572e-02
4.794852771051239665e-02 9.341137440631971378e-01 4.478937874198469365e-02
