5.694613814513629357e-01 7.517241153679463106e-02 4.280778532077344350e-02
4.448618357565844450e-01 2.262862400406178420e-01 1.006661121509243723e-01
5.572824129503674007e-01 7.770071762704466867e-02 4.330124340717459580e-02
3.896016850079669913e-01 2.963438554245838019e-01 1.154560654151752103e-01
4.438265823026619206e-01 2.297243006740392057e-01 1.019577512400279135e-01
5.652026869683907107e-01 7.626067173358527795e-02 4.310273657383680013e-02
3.848711432935602583e-01 3.005742626584745336e-01 1.156823601139859714e-01
5.616490005963222787e-01 7.694561031830897402e-02 4.321642513555230131e-02
5.661037338308066991e-01 7.593121945783756765e-02 4.298494684940824817e-02
5.840952629635197679e-01 7.262131885104725071e-02 4.241776833106005590e-02
