5.859717575029486092e-01 6.534501932283590109e-02 3.829033581666629188e-02
5.981837550963811090e-01 6.225620099931325480e-02 3.724064809180427371e-02
5.908275160357998601e-01 6.708655607415905942e-02 3.963658328469180092e-02
5.722955581975892603e-01 6.774907729741266871e-02 3.877249600929440210e-02
2.874131010352355964e-01 4.251636285830365236e-01 1.221975969384436617e-01
5.809228234673969871e-01 1.220595002533382545e-01 7.090714951818871681e-02
5.945028927043526368e-01 6.387371225302744537e-02 3.797310670219027073e-02
5.829707215344090976e-01 6.576036656508006673e-02 3.833636834481195937e-02
5.768624444198544587e-01 6.653075539220351664e-02 3.837909418464593297e-02
5.798646448124474828e-01 6.598356282331516165e-02 3.826153522000146079e-02
