6.378411949040413420e-01 4.520071721193350683e-02 2.883087947697933473e-02
6.524994811674947881e-01 4.241581914659627028e-02 2.767629998644835845e-02
6.425156908662161825e-01 4.435777735601582894e-02 2.850056796319030972e-02
6.195004895289802915e-01 5.276409132893786214e-02 3.268738040782882825e-02
3.822811057231075282e-01 2.545889989189565883e-01 9.732456401167775828e-02
3.019175640137092276e-01 4.246186660674887703e-01 1.281998332938468765e-01
2.994473094878796204e-01 4.454699892804549477e-01 1.333947897476268074e-01
6.606350739741032596e-01 3.984440493712175513e-02 2.632261140308955749e-02
6.388341163729795991e-01 4.637404861738844003e-02 2.962532437112693970e-02
3.850441060509031677e-01 2.532681820401498363e-01 9.751942074478690825e-02
