6.000198007964360203e-01 7.741304247333818944e-02 4.644935832389841812e-02
5.827086803159434725e-01 1.132176788592068190e-01 6.597292423648269677e-02
5.965635115810657974e-01 8.008675892690127196e-02 4.777683813657849360e-02
5.690748714044383538e-01 1.194575320907155097e-01 6.798027971281549175e-02
6.337890004536985700e-01 7.912605190114219145e-02 5.014922134427238221e-02
6.385548901050756010e-01 6.366784405980169259e-02 4.065541316683376344e-02
5.752999728169331251e-01 1.037042648737216965e-01 5.966106076285212362e-02
6.139198881567523580e-01 9.753735873045064897e-02 5.988012436290329754e-02
6.327233900475540684e-01 8.365076242917104943e-02 5.292779398424767717e-02
6.774365357359396489e-01 3.889429961444433592e-02 2.634841959068486353e-02
