6.481742401227540418e-01 5.361963926295783278e-02 3.475486893492388263e-02
1.511394119518373819e-03 9.900619459620584317e-01 1.496373803085973000e-03
6.478494717800212799e-01 5.058040050852824487e-02 3.276848575187194662e-02
6.089895238234503960e-01 5.867110489666325923e-02 3.573008823321466992e-02
6.418373923503690190e-04 9.910828742243241729e-01 6.361140475952489380e-04
5.586000218373290416e-01 7.617997718282921993e-02 4.255413691789562691e-02
6.353256159159672567e-01 4.992204918179109219e-02 3.171675664420863655e-02
3.554871955351875980e-03 9.881667886771990927e-01 3.512806404278698887e-03
6.814055358968377218e-01 4.053377728684832981e-02 2.761994023406795506e-02
6.276399221116710780e-01 5.222423319721968688e-02 3.277801365624471303e-02
