4.143153993284900971e-01 1.454503465792516548e-01 6.026231842544993444e-02
4.450622825267683824e-01 1.147404373251720011e-01 5.106664093406065863e-02
4.413050608213834325e-01 1.155714910572208376e-01 5.100228389022481296e-02
4.421236261530043232e-01 1.153140273936660437e-01 5.098305593759450832e-02
4.419269390968228461e-01 1.154872556744984402e-01 5.103692940492328411e-02
4.140664793900901142e-01 1.444345798551597837e-01 5.980551798281284054e-02
4.407928350252415250e-01 1.156043128663381270e-01 5.095755280949818694e-02
4.416481090046133762e-01 1.154991162586444797e-01 5.100996628733432681e-02
4.422985411281958879e-01 1.153386849238643985e-01 5.101413207746986755e-02
1.830479052054583000e-02 9.676496119966955245e-01 1.771262344488696433e-02
