3.368325858121675731e-01 3.396655252264106917e-01 1.144104171732599484e-01
3.479551717759120089e-01 3.234327591127053592e-01 1.125401012550185653e-01
3.537486001359129717e-01 2.887268006363864492e-01 1.021367015468425399e-01
3.614045051280087018e-01 2.945730065962820499e-01 1.064600116729989554e-01
3.630578323258120688e-01 2.874058238180647873e-01 1.043449353932008467e-01
3.569587390483655032e-01 3.077125317951120431e-01 1.098406773389632718e-01
3.537486001359129717e-01 2.887268006363864492e-01 1.021367015468425399e-01
3.545973393660181716e-01 2.993230330642755455e-01 1.061391511355587874e-01
3.903576503438302425e-01 2.803948220860081331e-01 1.094542639180704491e-01
3.904087091951675137e-01 2.803814284362758924e-01 1.094633515581037025e-01
