6.797790012600232190e-01 3.959048354998108421e-02 2.691277936700751938e-02
3.072292197671708247e-01 4.506728381821745177e-01 1.384598644449659133e-01
6.305252375672593113e-01 9.111612532868623715e-02 5.745101656907806303e-02
3.331575119176757860e-01 4.079972243180639557e-01 1.359273401231240463e-01
4.229020388174506428e-01 2.980080258360731094e-01 1.260282017100388119e-01
3.063662326324590457e-01 4.790632035752023232e-01 1.467687888721715128e-01
3.605499164012390678e-01 3.695462142329047905e-01 1.332398566480682001e-01
2.652213580055996500e-01 5.531574475903555665e-01 1.467091694408254321e-01
3.963117689414192291e-01 3.380847718862410312e-01 1.339869739983923780e-01
5.983557906640967206e-01 1.170497682483897239e-01 7.003740662731451627e-02
