3.563569530956164355e-01 2.785261936825890183e-01 9.925474573804694833e-02
4.353461395191940420e-01 2.105671864169034735e-01 9.166961171601739622e-02
4.353461395191940420e-01 2.105671864169034735e-01 9.166961171601739622e-02
3.515931817429931994e-01 2.793919494302931072e-01 9.823230445357421237e-02
3.524258556875958237e-01 2.854197782054153643e-01 1.005893095642073215e-01
3.642614236020159657e-01 2.776161469155957739e-01 1.011248528903813254e-01
3.410973022202832272e-01 3.015981614249391707e-01 1.028743192166442361e-01
3.529707970611878909e-01 2.901046694395960079e-01 1.023984764032666445e-01
4.089258545234854547e-01 2.260756383854568285e-01 9.244817361371542030e-02
3.591159505732962609e-01 2.783287527177645826e-01 9.995229460411994560e-02
