5.801180746662126797e-01 8.439591418056358041e-02 4.895959524412345915e-02
1.675876824880829022e-02 9.736284019973221460e-01 1.631681274953067709e-02
1.814473875584357576e-02 9.720684810278357180e-01 1.763792864103976704e-02
1.720887920226981532e-02 9.730043565960224683e-01 1.674431443594321528e-02
6.241483938150224065e-01 5.299447725388837377e-02 3.307641785908117110e-02
1.610769835698080618e-02 9.742536150227332215e-01 1.569298335398429042e-02
5.792576672377337532e-01 8.534181392596003335e-02 4.943490005258834724e-02
5.860983310932318391e-01 7.838801611022327975e-02 4.594308541991123235e-02
1.756169879028282588e-02 9.725368597763541789e-01 1.707939939383985861e-02
1.622588027388803533e-02 9.744080022576054878e-01 1.581062758255032813e-02
