6.002215574285537647e-01 5.737113036792921422e-02 3.443538922087507198e-02
5.873028750484602378e-01 6.056343814524382113e-02 3.556908134552128065e-02
5.926488875014463975e-01 5.976909512073051017e-02 3.542208773026906538e-02
5.845289355915375129e-01 6.085226699600580769e-02 3.556991085550732096e-02
5.851086810672432303e-01 6.080575194960510799e-02 3.557797332453539740e-02
1.787356882480997493e-03 9.899873079108147955e-01 1.769460628363229331e-03
5.944296376823335892e-01 5.875922980599010415e-02 3.492822768406767669e-02
1.698958898726014299e-01 6.955087279617901963e-01 1.181640742512294201e-01
1.618673807309742438e-03 9.901809747900492953e-01 1.602780008389081143e-03
6.282654425879252713e-01 5.748797235592092297e-02 3.611770639567506852e-02
