3.017334524227763826e-01 3.690861998974453440e-01 1.113656533366591539e-01
3.190251666279709242e-01 3.063560825965864765e-01 9.773530029786842155e-02
3.302738097460622413e-01 3.196859416893725325e-01 1.055838938840065744e-01
3.193338382705856460e-01 3.212687963767969501e-01 1.025919978635737861e-01
3.184994666830576748e-01 3.086402972210433027e-01 9.830177006180269850e-02
1.501400303253157568e-03 9.902842909682766370e-01 1.486813134766608703e-03
3.336688026451037348e-01 3.050153588504084246e-01 1.017741095759824299e-01
3.183119163131922225e-01 3.064020609946958018e-01 9.753142719753322976e-02
2.403430638348654225e-01 3.975234616160667755e-01 9.554200671104701170e-02
3.277833162075979856e-01 3.102188620550085929e-01 1.016845673545380968e-01
