3.137735260784815239e-01 3.990874806056036173e-01 1.252230860033978488e-01
3.898305197367689101e-01 2.720350987714383884e-01 1.060475839407130916e-01
3.276943425112556763e-01 3.196034477780479444e-01 1.047322416839578663e-01
4.015425399282311902e-01 2.488029377028092293e-01 9.990496354679148650e-02
3.960467009225615564e-01 2.504466738065856402e-01 9.918857891812715710e-02
3.266986408381200579e-01 3.208122796757360007e-01 1.048089357342417982e-01
4.038316251118487243e-01 2.545902348157270678e-01 1.028115882632422290e-01
3.946510330660433219e-01 2.500651430112834084e-01 9.868846702321086573e-02
3.980478782393085391e-01 2.490398066037591840e-01 9.912976661575408077e-02
3.337947959276273968e-01 3.189550631640177825e-01 1.064655402189168265e-01
