5.165551220704287516e-01 1.090262614427987553e-01 5.631807378846739182e-02
5.225729740186088046e-01 9.928821198995251007e-02 5.188533622457957434e-02
3.928065561973979603e-01 3.279621868187132527e-01 1.288256971672264162e-01
5.305636355762120004e-01 1.212010586776293974e-01 6.430487432768884626e-02
5.150557986669713761e-01 1.096746613592686215e-01 5.648857029992772338e-02
6.434541296284751466e-01 4.542060637545673740e-02 2.922607674251708268e-02
3.928767744112630633e-01 3.279511638916609573e-01 1.288443954341752518e-01
5.307384838122884974e-01 8.951656701934188054e-02 4.750988705592661815e-02
6.538653536188220317e-01 6.417445946176934812e-02 4.196145562926657108e-02
6.260738314790024184e-01 9.260189457907669341e-02 5.797562294133720706e-02
