6.226336086533186265e-01 8.365806544502629727e-02 5.208832318099222009e-02
6.142694922001866731e-01 5.269532601837616931e-02 3.236913115463121299e-02
6.084629864916709652e-01 5.533762744963309499e-02 3.367089806336721891e-02
6.220339880707160818e-01 8.400131300950593183e-02 5.225167173447949759e-02
5.950120199362806117e-01 5.679625021428826720e-02 3.379445156481006990e-02
5.911205487135406944e-01 5.930080479491012246e-02 3.505392426952183560e-02
6.170719635986776641e-01 5.330567947392349237e-02 3.289344030393569901e-02
6.059585585697045973e-01 5.485256444403951992e-02 3.323838088436201904e-02
6.093800439134730018e-01 5.523821415113049083e-02 3.366106536511772468e-02
6.221326544663680069e-01 8.391176330762083191e-02 5.220424804752372971e-02
