3.577823134461379784e-01 3.023248134841812762e-01 1.081664711805425533e-01
4.004706230125273381e-01 2.430713316421995729e-01 9.734292761923631077e-02
4.076219782163070793e-01 2.388873728096398141e-01 9.737574347556182675e-02
3.530710799120444499e-01 3.061086832386389345e-01 1.080781233615201870e-01
3.514077893517610907e-01 3.119659061144480772e-01 1.096272494207972403e-01
3.984409030594798784e-01 2.627909407017399168e-01 1.047066597290514794e-01
3.445015166418529118e-01 3.231956719156204305e-01 1.113413991470139502e-01
3.977951722067536444e-01 2.433752213088233030e-01 9.681348807140013890e-02
3.424335354437318402e-01 3.328477372538298229e-01 1.139782274322752725e-01
2.522326294105196043e-01 4.832466794574071245e-01 1.218905806134443215e-01
