6.694688992495941848e-01 3.862023124814371877e-02 2.585504370245955696e-02
3.766089370324354323e-03 9.880152079868469439e-01 3.720953572518070213e-03
6.749848069207980972e-01 3.751878426437631892e-02 2.532460935259312623e-02
6.465186315514838133e-01 4.488073890287988532e-02 2.901623389850934570e-02
3.838494635314273866e-03 9.876253182652715568e-01 3.790994485861797197e-03
6.749104234152744075e-01 3.756688145577256888e-02 2.535427986970688330e-02
6.501162709227369385e-01 4.317474984273730887e-02 2.806860736578240326e-02
4.770199374804984065e-03 9.871033465842588006e-01 4.708679766744139003e-03
6.693926418261840761e-01 3.864315090179401557e-02 2.586744087063978445e-02
2.589722564774464206e-03 9.891881659940666705e-01 2.561722914282702716e-03
