3.660776454691006543e-01 2.822044752451418614e-01 1.033087498385846376e-01
3.074871569749381695e-01 3.902875493488823788e-01 1.200084089520037228e-01
3.641382679971181813e-01 2.810544695186305009e-01 1.023426877433629562e-01
3.610280020031590986e-01 2.831877695180547994e-01 1.022387146208344477e-01
3.651219392378719508e-01 2.808034150757511838e-01 1.025274874570753642e-01
3.641067518255862168e-01 2.815393501053207181e-01 1.025103782779348410e-01
3.656839637131038545e-01 2.805425538654706119e-01 1.025899130877222371e-01
2.598624415016410061e-01 4.470455711488605655e-01 1.161703535812384641e-01
3.658124515309261748e-01 2.826288544232263278e-01 1.033891541099376671e-01
3.611411669145995762e-01 2.833060817606208870e-01 1.023134889610335801e-01
