9.604718437819324134e-03 9.814415435478378580e-01 9.426469688955775930e-03
5.856441168412938048e-01 7.798450546192652044e-02 4.567116682855500848e-02
1.196279945364793311e-02 9.787746790710817324e-01 1.170888519603596745e-02
1.136582274014485971e-02 9.787816607500670063e-01 1.112465885738986304e-02
1.263006060937680100e-02 9.781484934029366363e-01 1.235407475664969390e-02
6.235733217720788035e-01 5.311469464072361701e-02 3.312090657202565458e-02
5.806883612178329601e-01 8.410313194116121605e-02 4.883770986020009169e-02
9.962133705588268121e-03 9.809715807251541131e-01 9.772570048566259909e-03
1.105364806545782591e-02 9.801848537755265545e-01 1.083461841272691066e-02
5.855967122707788075e-01 7.848681299705791148e-02 4.596161964768854385e-02
