3.597498371680143557e-04 9.913491223463303248e-01 3.566376853407462653e-04
4.796652790510926132e-04 9.912432854457451370e-01 4.754649871208552030e-04
5.894491547384610453e-01 6.283011495032864158e-02 3.703515814959155994e-02
4.939819471968332487e-01 9.977205113957532401e-02 4.928559209774944355e-02
7.326594414111715636e-01 3.670095704642720169e-02 2.688930268889075381e-02
4.796652790510926132e-04 9.912432854457452480e-01 4.754649871208552572e-04
7.401683842658965951e-01 4.639871341143408934e-02 3.434286073775755926e-02
6.581339071547162023e-01 8.399429569885526192e-02 5.527949400699618682e-02
3.597498371680143557e-04 9.913491223463303248e-01 3.566376853407462653e-04
3.597498371680143557e-04 9.913491223463303248e-01 3.566376853407462653e-04
