6.525131009988036634e-01 4.281544613829858792e-02 2.793763953034846328e-02
6.809382625634436970e-01 3.788797603575725509e-02 2.579937257383393620e-02
6.724952369210711600e-01 4.000570833184076414e-02 2.690364830281652408e-02
6.759501681173464283e-01 3.689936405258602281e-02 2.494213133476869126e-02
6.727305414735015310e-01 3.982383219958048753e-02 2.679070819917364621e-02
6.786101486946563011e-01 3.791119636402501963e-02 2.572692260178333079e-02
6.734968863488316471e-01 3.911843972473227904e-02 2.634614735343163844e-02
6.722202326367429093e-01 4.008194498482604839e-02 2.694389438223289759e-02
6.674147248573872870e-01 4.033307249255908139e-02 2.691888648027437533e-02
6.682956457981027443e-01 3.931215205972018317e-02 2.627214004846391629e-02
