6.589622525600701275e-01 4.156857741148576452e-02 2.739212340679030716e-02
6.478713089967544914e-01 4.400010737314964671e-02 2.850640715984021148e-02
6.443902954446858455e-01 4.477208376618453667e-02 2.885069628576587483e-02
6.542415126889552512e-01 4.117934994885760064e-02 2.694124020208844839e-02
6.542734008199383444e-01 4.159444658958420110e-02 2.721414002539054161e-02
5.025901513219612794e-03 9.866911511111796651e-01 4.959012549450079674e-03
6.659675787749790299e-01 4.021449815573674424e-02 2.678155196842686020e-02
6.507174671476743111e-01 4.263473282737621772e-02 2.774316535794805680e-02
6.537026512954301483e-01 4.185256384331818846e-02 2.735913194788835642e-02
6.473907478218334788e-01 4.323690762133754889e-02 2.799117395848124690e-02
