6.542517465099672025e-01 4.036249261457618143e-02 2.640723128658211891e-02
5.672281671559809002e-01 1.248699131569549620e-01 7.082973197294606393e-02
3.496101703240091230e-02 9.516319104771793214e-01 3.327001943076888374e-02
3.884353531749048377e-02 9.469409440009149970e-01 3.678253400187732336e-02
3.718191536042209089e-02 9.491303601177148996e-01 3.529048471590381236e-02
3.318499745653889083e-02 9.541366582781787287e-01 3.166302257815187954e-02
3.563599214326852033e-02 9.510065037026640411e-01 3.389006029414540211e-02
3.768659459636078402e-02 9.483458870217074121e-01 3.573992698131325113e-02
3.622215116125699491e-02 9.505342799572160661e-01 3.443039637256685437e-02
5.912253478597934153e-01 8.006011056859409225e-02 4.733356672061056480e-02
