6.191410483266486242e-01 8.675583731365249518e-02 5.371410006283098421e-02
5.732206319264688821e-01 1.039992877109370273e-01 5.961453742156597180e-02
5.825290128592840455e-01 1.322065021223342018e-01 7.701412317490217985e-02
4.949351886108129261e-01 2.096283321908162245e-01 1.037524381310317712e-01
5.765050237902442642e-01 1.307094405036977602e-01 7.535464910719379128e-02
6.387766347306603754e-01 1.019482487452372244e-01 6.512215925016689999e-02
4.637118185435448736e-01 2.696061548061152724e-01 1.250195603356761831e-01
6.152556428113157283e-01 1.144787004342526504e-01 7.043366642388015908e-02
5.173323396159723586e-01 2.164430799027718122e-01 1.119730049197877886e-01
4.927730799298343789e-01 2.127154334447536321e-01 1.048204392871809471e-01
