1.998965538783205875e-01 6.719414364045612764e-01 1.343187775453205113e-01
2.000267985906630519e-01 6.713310774356744393e-01 1.342842062138784598e-01
3.575807488697197445e-01 3.108552470644658228e-01 1.111558520353934376e-01
3.023831016193058718e-01 4.707450525717606915e-01 1.423453490685921974e-01
4.137982837615182263e-01 2.506626149383162083e-01 1.037237598646495451e-01
3.548086481693772387e-01 3.109583138179394801e-01 1.103306989627720891e-01
3.670695067577256498e-01 2.959378479509572335e-01 1.086297598783006885e-01
3.383364063004673516e-01 3.220687788356013659e-01 1.089675932128173902e-01
3.571725036390071550e-01 3.088727942500046897e-01 1.103208692282501152e-01
3.417053163521385217e-01 3.149675223815211478e-01 1.076260768760269604e-01
