4.473689208727442135e-01 2.110320406555948325e-01 9.440917629766654162e-02
3.173094521199417151e-01 3.377007910219931297e-01 1.071556529796595658e-01
3.093721849192462847e-01 3.517592697657213052e-01 1.088245338530197670e-01
5.318564563369265752e-01 1.193085475128100176e-01 6.345502129086896814e-02
3.187444186641620880e-01 3.362211713405255376e-01 1.071686218015194536e-01
4.561929732906214174e-01 2.019757924140320460e-01 9.213993727408661960e-02
4.263747202357921484e-01 2.173470144170993323e-01 9.267127246617541669e-02
5.321913529922310815e-01 1.191209060236946560e-01 6.339511614641046844e-02
5.286802207662127939e-01 1.156895590170100019e-01 6.116278160145865311e-02
3.103813368220016966e-01 3.499802529960839848e-01 1.086273387862269069e-01
