3.991149835160536785e-01 2.493765798820899160e-01 9.952992956893015608e-02
3.750928885960801429e-01 2.779922127739988813e-01 1.042729020966153691e-01
3.699697635455544420e-01 2.804068645666979442e-01 1.037420613802915448e-01
3.865573852326458781e-01 2.644398277523816176e-01 1.022211683673319021e-01
2.759319003428999384e-01 5.095262753384677268e-01 1.405945534287830756e-01
1.649587638266349632e-01 7.184500671244276049e-01 1.185146349440084901e-01
3.869187995124256374e-01 2.619678144909353690e-01 1.013602722937265305e-01
3.885348100372323921e-01 2.660880578669260754e-01 1.033844730165022208e-01
1.389113368846477681e-01 7.646128838305094044e-01 1.062133978921219468e-01
3.860284485032980384e-01 2.654701425548616212e-01 1.024790272544025826e-01
