3.089709241149409813e-01 3.311451187086995596e-01 1.023142133435787360e-01
3.100129883466727909e-01 3.304636118401652056e-01 1.024480118464045353e-01
3.112884403104546061e-01 3.627903990281967084e-01 1.129324574730948133e-01
3.222636393597574922e-01 3.339684527304351280e-01 1.076258890082571612e-01
3.165402311809259461e-01 3.605672580650357562e-01 1.141340432241789993e-01
1.186697629092229060e-03 9.905632016166667775e-01 1.175499002824506242e-03
1.414881173711410919e-03 9.904405699437874855e-01 1.401355716093464869e-03
3.075392789580069230e-01 3.589744848178146319e-01 1.103987542251927134e-01
3.116559435515136034e-01 3.516415635781238724e-01 1.095911832888697562e-01
3.075392789580069230e-01 3.589744848178146319e-01 1.103987542251927134e-01
