4.004283228739065059e-01 2.889933388919542767e-01 1.157211180142357493e-01
3.960891118189568960e-01 2.735681301803634113e-01 1.083573577051129139e-01
3.228197041502605669e-01 3.408795061177586905e-01 1.100426213158217925e-01
3.310858418926450053e-01 3.336294683236383229e-01 1.104599934001273265e-01
4.038146659047190945e-01 2.445474793885537568e-01 9.875185868713001747e-02
3.824357037093192857e-01 3.052659116617905122e-01 1.167445837448437551e-01
4.042314169612012953e-01 2.407211221338079465e-01 9.730704029263957666e-02
3.129187949912671241e-01 3.550607092615580829e-01 1.111051692908714000e-01
3.213991422606302661e-01 3.393681680997651662e-01 1.090726381378259169e-01
3.985086888770623115e-01 2.503391950092824225e-01 9.976234437768835561e-02
