5.309528180529740626e-02 9.172509890088033080e-01 4.870169974761016235e-02
5.895371031885952018e-01 1.153593212946812663e-01 6.800860010186882132e-02
3.322952504747557767e-01 3.661828922441615064e-01 1.216808358978441473e-01
5.748207300989934682e-02 9.129033070735346200e-01 5.247557454817947803e-02
5.523633159313938445e-02 9.138674815766562043e-01 5.047868724455537720e-02
5.419600921940029292e-02 9.180777042653559539e-01 4.975614772449108575e-02
5.361115606602786382e-02 9.183751721454598282e-01 4.923515468105545134e-02
6.663957570714638123e-01 3.931675376412194223e-02 2.620051789023436495e-02
5.407729057743601575e-02 9.184952801944265000e-01 4.966973616107751149e-02
5.943311348695973217e-01 1.109774986076569880e-01 6.595738269247793106e-02
