2.985246461665219120e-01 3.851975436212457526e-01 1.149909604137457769e-01
3.476011085127802547e-01 3.225960320507779699e-01 1.121347383426748168e-01
3.082478372018755408e-01 3.937506074114412447e-01 1.213727731315015490e-01
3.082478372018755408e-01 3.937506074114412447e-01 1.213727731315015490e-01
4.122511167355868977e-01 2.420945130383190258e-01 9.980373335560512038e-02
4.169333346237465432e-01 2.515553845363844854e-01 1.048818253173136317e-01
4.051849112665587005e-01 2.510223976741840501e-01 1.017104879275330803e-01
3.963207531180147347e-01 2.670254714321488865e-01 1.058277359396821715e-01
3.013439616678151856e-01 3.827424237524537087e-01 1.153371182719060833e-01
4.256500057394077552e-01 2.365948019909550060e-01 1.007065788253640459e-01
