0.000000000000000000e+00 9.916666666666669183e-01 0.000000000000000000e+00
5.179868494158607062e-01 8.346381020177476295e-02 4.323315608666068038e-02
0.000000000000000000e+00 9.916666666666669183e-01 0.000000000000000000e+00
5.037191031187030488e-01 9.055648401511033618e-02 4.561503090967454488e-02
5.186794076230418771e-01 8.341135937892663055e-02 4.326375447169432398e-02
5.567166789596988963e-01 6.773780976324281222e-02 3.771076849139640835e-02
1.108670936889916310e-03 9.905579233610370959e-01 1.098202780936410970e-03
5.732104765510893651e-01 6.043375634644825023e-02 3.464126227512002304e-02
5.213954509599953990e-01 8.302399030023419058e-02 4.328833086308889189e-02
5.196554928699285147e-01 8.309348259438698037e-02 4.317998465186499019e-02
