2.536800974126840469e-01 4.415882795236883429e-01 1.120221577658688100e-01
2.597846551610729082e-01 4.188046360835890880e-01 1.087990179648338218e-01
3.997911650491883240e-01 2.369599792906564306e-01 9.473450619064306688e-02
4.003364913292741245e-01 2.374251070998893431e-01 9.504993432984683299e-02
2.594964367107102654e-01 4.191475006376394474e-01 1.087672828716675921e-01
3.671005118764292252e-01 2.533747287372788981e-01 9.301399261600648560e-02
2.602334595707731513e-01 4.193215075967348660e-01 1.091214865943305468e-01
3.828807144036645016e-01 2.769562927921974116e-01 1.060412232428670221e-01
4.209962422583684552e-04 9.912945621110111905e-01 4.173312856198905380e-04
3.795895380262446772e-01 2.339650767908704743e-01 8.881069541332138606e-02
