3.995849644600387718e-01 2.390781681528364178e-01 9.553204132452230990e-02
4.460940701050237767e-01 2.037062822193327627e-01 9.087216454118478282e-02
4.018538098952372795e-01 2.392143397609268751e-01 9.612919381450220346e-02
3.010043828470092553e-01 3.768445917998523020e-01 1.134318737839476732e-01
4.426290551493765046e-01 2.131368342959115980e-01 9.434055558192858126e-02
4.140837316777889465e-01 2.520779224181503020e-01 1.043813667884918445e-01
4.063847756561890234e-01 2.392474522257442560e-01 9.722652219907387816e-02
2.139286049798115041e-01 6.438922179223984799e-01 1.377469639374954979e-01
4.047575508671881761e-01 2.438501407062819704e-01 9.870018573089392455e-02
3.873592982887655856e-01 2.874765589800156174e-01 1.113567181609677881e-01
