5.889649190740966489e-01 7.713637354518843026e-02 4.543061800271119138e-02
6.247401977732821576e-01 5.299387592576927652e-02 3.310740452663787220e-02
1.029870204391816063e-01 8.207615303703093002e-01 8.452778450394102250e-02
7.810561710167536476e-03 9.824034403384558356e-01 7.673122695044400608e-03
5.200045724092947769e-02 9.142919549259374001e-01 4.754359970785202588e-02
5.884771411198207458e-01 7.727685778869392008e-02 4.547566434621354986e-02
5.851951049247262615e-01 8.435849680635401637e-02 4.936617938988652199e-02
3.418348565751517121e-03 9.877346709900435284e-01 3.376421395921861811e-03
9.376430187476202799e-03 9.800600678795865495e-01 9.189464806006131248e-03
3.223521810940607659e-03 9.880486763492247748e-01 3.184996458482723409e-03
