3.183819291053480161e-01 4.306176852088458018e-01 1.371008893236718151e-01
5.961387153375752312e-01 8.666891825255175485e-02 5.166669758677353008e-02
5.557587636935156228e-01 9.545210662564976301e-02 5.304834477021274503e-02
6.661417830918278105e-01 3.860024191115636605e-02 2.571323397447360451e-02
6.263212217996450004e-01 7.771222664190929885e-02 4.867281673913155526e-02
3.171525788657232892e-01 4.317083185843449966e-01 1.369174065568102838e-01
4.616067402530314445e-01 1.683341133277615198e-01 7.770416132661236985e-02
3.469139352050242819e-01 3.823253346462948676e-01 1.326339863707239608e-01
3.395778944658530141e-01 3.850648121417696301e-01 1.307594981399913536e-01
4.868409517857170132e-01 1.202590690820621311e-01 5.854703965277541916e-02
