2.959024227994041523e-01 3.951918760636272121e-01 1.169382335978691456e-01
2.918427233617010841e-01 4.021138543450008540e-01 1.173540023535154520e-01
2.948352169094933251e-01 3.773776652323053149e-01 1.112642257855648992e-01
2.447053537969055281e-01 4.823121809286626260e-01 1.180243728747055049e-01
3.058743856589274390e-01 3.654417392942111986e-01 1.117792675007467790e-01
4.240658590034097619e-01 2.527671601997490414e-01 1.071899229179590629e-01
3.103515813615790875e-01 3.288117982278854767e-01 1.020472615503687230e-01
2.983636441901575953e-01 3.529837182629024239e-01 1.053175085207114503e-01
4.121262153708771803e-01 2.638181966156908365e-01 1.087263949171946298e-01
2.960044495125945252e-01 3.951927280028535439e-01 1.169788059038651684e-01
