4.775573864374174637e-01 1.293992299676816615e-01 6.179555807038040333e-02
4.051118675526183543e-01 2.426842348298869356e-01 9.831426359751369026e-02
4.671856285987021074e-01 1.259844263310432311e-01 5.885811340911530770e-02
4.609263291133325890e-01 1.363904254149656547e-01 6.286593811272589427e-02
4.613222029806319791e-01 1.288796077052301592e-01 5.945502454585641083e-02
4.724362365964799304e-01 1.221928414247589051e-01 5.772832614174355087e-02
4.601595924669743543e-01 1.287932905610076895e-01 5.926546809703391039e-02
4.779861591602744264e-01 1.197220784211261713e-01 5.722549643119927143e-02
2.068177173170525629e-01 6.216078604995125545e-01 1.285595187748460322e-01
4.651641868572678473e-01 1.271699261410437209e-01 5.915489528609741560e-02
