6.216114359589673954e-01 5.085835462364911991e-02 3.161413484811691904e-02
6.196738328793532924e-01 5.472157267256034380e-02 3.390952667919154562e-02
1.348008679050242409e-01 7.172662137214611544e-01 9.668810812860356707e-02
6.272051348660994119e-01 4.853551619831576042e-02 3.044172498296039003e-02
6.398127176229315705e-01 4.525445447101703045e-02 2.895437549964463217e-02
6.246986840809213293e-01 4.994313441411819821e-02 3.119941034737621494e-02
6.052044977808478388e-01 5.695537869382011342e-02 3.446965135831140531e-02
6.234693858541280331e-01 4.948587977434482088e-02 3.085293107136198240e-02
6.283063099202143009e-01 4.864827759303022581e-02 3.056601977845106732e-02
6.303796047932624935e-01 4.911571133376496645e-02 3.096154269971872208e-02
