3.784271071140761222e-01 2.914784050521135317e-01 1.103033296100962291e-01
3.268103810632210782e-01 4.614736275541971855e-01 1.508143720716141334e-01
3.686572913711997357e-01 3.006225499424964864e-01 1.108266949869039647e-01
3.770558751799013009e-01 2.898825263893380910e-01 1.093019096870927048e-01
3.746936438047098195e-01 2.912971138357984824e-01 1.091471770129306823e-01
3.697419413283725698e-01 3.011341140155491258e-01 1.113419119163086141e-01
3.645418602130950370e-01 3.118851643539621299e-01 1.136951979864602308e-01
3.612784491224118044e-01 3.388134289633320528e-01 1.224059901577190385e-01
3.451262701656512832e-02 9.508518697477192916e-01 3.281639592860660648e-02
3.742302777712543937e-01 2.935966260703962716e-01 1.098727469270275037e-01
