5.582227350092842100e-01 7.304871134539478450e-02 4.077745143613000639e-02
5.536725866966598630e-01 7.132168640827764305e-02 3.948886260123909281e-02
1.369080928960039268e-03 9.903196416451587325e-01 1.355827734950927144e-03
5.392469590943368418e-01 8.073950480782837724e-02 4.353853244640404352e-02
5.391210265681604108e-01 8.085821256500459742e-02 4.359236256451180791e-02
4.023433058479972679e-01 1.899203576748564049e-01 7.641318455473578020e-02
4.023626009276874416e-01 1.899017754292578741e-01 7.640937228250180291e-02
5.536011779979232994e-01 7.126189810313329764e-02 3.945067073626257192e-02
5.435552490062316444e-01 7.881536512701649289e-02 4.284050541713251697e-02
7.498356045158832694e-03 9.830784740629130436e-01 7.371472418855164535e-03
