2.752506460691409584e-01 4.029769547664668883e-01 1.109196671504450032e-01
3.339275494573688552e-01 2.933459586606737002e-01 9.795629711878139911e-02
3.767091890404392629e-01 2.741005236740096107e-01 1.032561859887958788e-01
3.233692533239070355e-01 3.444056786828705308e-01 1.113702071561932933e-01
4.407393492961823034e-01 2.126610509053879494e-01 9.372809319668298778e-02
2.647852806070712384e-01 4.068273471821862164e-01 1.077218932822655711e-01
2.773283517085180505e-01 3.576809196005520386e-01 9.919505987040806716e-02
3.447926344085870953e-01 3.011830318303798659e-01 1.038456909839620135e-01
3.986716463024998491e-01 2.435710755489990387e-01 9.710488168079001170e-02
3.556318319690353613e-01 2.874867432336770667e-01 1.022394371630042514e-01
