3.297063112394186812e-01 3.877802373639137601e-01 1.278535916328022159e-01
4.599951835474122563e-01 2.278802301734060010e-01 1.048238083054424397e-01
4.106352594902387132e-01 2.647884776788923533e-01 1.087314852416972483e-01
3.420772011783941302e-01 3.174429632511798216e-01 1.085900004027394172e-01
3.370544175037273882e-01 3.791116227439090824e-01 1.277812471728411170e-01
4.293544944489285364e-01 2.293561247039537787e-01 9.847508297103148289e-02
3.401851270194426458e-01 3.213653559408184424e-01 1.093237144303757236e-01
3.989077398707475686e-01 2.889693590320285832e-01 1.152721139033651143e-01
2.850230723154704160e-01 4.126465275330656879e-01 1.176137810577847359e-01
3.366574382189208570e-01 3.507763683317435821e-01 1.180914735503013901e-01
