6.460151972301273471e-01 4.347806372862143831e-02 2.808748991482942423e-02
6.350034263894525077e-01 4.676431053205805377e-02 2.969549742059722497e-02
6.525334534057869451e-01 4.623718214669143151e-02 3.017130814193295582e-02
6.738118882790946618e-01 4.257567206904840085e-02 2.868799399159701127e-02
6.489596780815636290e-01 4.319441395131602690e-02 2.803143297276785087e-02
6.193718484562469317e-01 5.005444930298570683e-02 3.100231678824975912e-02
6.460771909569440474e-01 4.543122493549726915e-02 2.935207818805914831e-02
6.719829049977850133e-01 4.039977056883763129e-02 2.714795518809152985e-02
6.535560537162793393e-01 4.240583632159567601e-02 2.771459104088053182e-02
6.525334534057869451e-01 4.623718214669143151e-02 3.017130814193295582e-02
