6.068423593840928110e-01 6.086914027217175255e-02 3.693797269644600451e-02
3.907371051646444382e-01 3.501055644717202542e-01 1.367992347637137507e-01
5.218508825096077608e-01 9.999082245921123158e-02 5.218029894320089235e-02
6.068474119614485351e-01 6.086924245951155776e-02 3.693834225460850690e-02
3.769653770302920370e-01 3.256043487010383819e-01 1.227415660707896067e-01
5.537364829579918268e-01 1.308176389386493110e-01 7.243849929475611182e-02
6.553875573525054232e-01 4.416142079974379880e-02 2.894284570716021410e-02
2.924194225881997511e-01 4.396051070205135858e-01 1.285490715617623458e-01
3.550509381908920070e-01 3.581803441962118084e-01 1.271722672484016103e-01
5.537364829579918268e-01 1.308176389386493110e-01 7.243849929475611182e-02
