5.881457040667851244e-01 6.845164638810762037e-02 4.025954175946416802e-02
5.889169378081684503e-01 6.626348435387341418e-02 3.902368829418260965e-02
3.820352937223770451e-01 3.512076049436482217e-01 1.341737005121792226e-01
6.030371619245374903e-01 6.401382848603281994e-02 3.860271745414134426e-02
6.383247784193457619e-01 5.323847475045056371e-02 3.398343759846528950e-02
3.766699939446214729e-01 3.578625990305962512e-01 1.347961030098611956e-01
5.893878883278017566e-01 6.671452557550314189e-02 3.932073334973691658e-02
5.804850387557598523e-01 6.833389238196192761e-02 3.966680216767509010e-02
6.080747039145112387e-01 6.226422300059963888e-02 3.786129896555672641e-02
9.301661701390934178e-03 9.811940704570104588e-01 9.126735306801851688e-03
