7.564656838671784955e-01 2.482551010232750960e-02 1.877964647690872832e-02
6.644415802496157764e-02 9.035289345708095166e-01 6.003421930874804080e-02
7.735864552690997487e-01 2.570314738067386653e-02 1.988360667147474198e-02
7.265657281040627247e-01 4.628209291543555065e-02 3.362698253728331477e-02
7.703479925636238512e-01 2.552200240465593573e-02 1.966082331863068175e-02
6.787247028282186734e-02 8.883691683376144788e-01 6.029580997816991889e-02
7.554401209603363032e-01 2.393261028242601313e-02 1.807965400665249509e-02
7.378275723524231333e-01 4.358771952491569124e-02 3.216022128144686160e-02
8.540106109595262118e-02 8.533267637468185951e-01 7.287501108555358154e-02
7.691298654893177211e-01 2.526642682672794113e-02 1.943316346663695113e-02
