6.217764891117053550e-01 5.070143023660246551e-02 3.152495728545674086e-02
6.459670898647499326e-01 4.397414185795189140e-02 2.840584844528087211e-02
6.390471139379745313e-01 4.525478044518489035e-02 2.891993683539208909e-02
6.321425102392674855e-01 4.775994190150398278e-02 3.019108956249830222e-02
6.374099549939872267e-01 4.576405303230535876e-02 2.917046298366420334e-02
6.260793662707002660e-01 4.949874207242651453e-02 3.099014106790164147e-02
3.276017964547727201e-01 3.337585050164525446e-01 1.093398858254491235e-01
6.369020808537588785e-01 4.669711033480850038e-02 2.974148674209710352e-02
6.293139497725745990e-01 4.814969401678927813e-02 3.030127412204656340e-02
6.413006424972212960e-01 4.493851271673314496e-02 2.881909707811051644e-02
