3.088898554412398134e-01 3.409237277068368765e-01 1.053078809678534428e-01
3.344197120525722045e-01 3.105643406770839388e-01 1.038588373830273415e-01
3.085222254047914059e-01 3.408891829135184959e-01 1.051718893288997175e-01
3.096357064179657281e-01 3.303247662297802423e-01 1.022803423389073985e-01
3.067959951161457477e-01 3.449354447207669816e-01 1.058248130139379933e-01
3.135103188197776447e-01 3.391496628168517713e-01 1.063269189173312868e-01
3.069005811263222361e-01 3.450800677143600614e-01 1.059052733166477300e-01
3.121211363438855524e-01 3.312789926766942505e-01 1.033991756411075519e-01
1.553679871231024301e-02 9.736089783039487688e-01 1.512676672040648256e-02
1.711169811667375210e-02 9.713271536068233125e-01 1.662105702504795487e-02
