5.450374499552876895e-01 8.382948043869160870e-02 4.569020624938114478e-02
5.404592064165210097e-01 8.517651240091357601e-02 4.603443029752471438e-02
5.355367446891375893e-01 8.583698736325062750e-02 4.596886078643788037e-02
6.027928330419877190e-01 9.225281088021859699e-02 5.560933322657367339e-02
7.503526243663183326e-01 2.909894730524632822e-02 2.183447147678879013e-02
6.805703175608922573e-01 5.512708963655996164e-02 3.751786090016138303e-02
6.027928330419877190e-01 9.225281088021859699e-02 5.560933322657367339e-02
5.546642766054327156e-01 8.232500356732071201e-02 4.566273855020760997e-02
5.501907824029719229e-01 1.296939594486338776e-01 7.135642102198318237e-02
3.814612369961409288e-01 3.027568045434771982e-01 1.154899851701536723e-01
