4.490281587599371238e-01 1.154616848347676528e-01 5.184554774867587701e-02
5.247624238202709679e-02 9.107768325685382527e-01 4.779414582180152582e-02
4.261065160415983266e-01 1.442880641485946303e-01 6.148208432074430546e-02
4.504952062250415223e-01 1.155147057715423115e-01 5.203882119857594635e-02
4.258763497365323780e-01 1.443384664165229259e-01 6.147033920403784796e-02
4.505242417892627027e-01 1.152229468925836942e-01 5.191073078550575287e-02
4.481546160953930880e-01 1.155718900443115926e-01 5.179407601422744700e-02
6.366751841564459446e-02 8.892071463138511156e-01 5.661361236325989504e-02
4.471449630392822505e-01 1.157892158673458349e-01 5.177456464935182440e-02
6.280766805306745026e-02 8.909780140138403581e-01 5.596025134676256563e-02
