3.651283682324482638e-01 3.335015016265633347e-01 1.217708590919782674e-01
4.779490185491370169e-01 1.910588852476369504e-01 9.131640668920026904e-02
6.633439245163217368e-01 3.888668373553907931e-02 2.579524540055751214e-02
3.990401085039664841e-01 2.891761152288302994e-01 1.153928683976679637e-01
6.112653811345486465e-01 7.990957583507396489e-02 4.884595732912660332e-02
3.875891354401486133e-01 3.153692483739636288e-01 1.222336943216740524e-01
4.812429100508074375e-01 1.305952186201578546e-01 6.284802304748615676e-02
3.772352011847537878e-01 3.436667800007443541e-01 1.296432068940973070e-01
6.251880383244737827e-01 7.673604306216982862e-02 4.797445623082029903e-02
3.696912598421866480e-01 3.180050948902558017e-01 1.175637041662127846e-01
