3.067206385383072220e-01 2.351468024192797657e-01 7.212437738828265943e-02
3.107566230237206462e-01 2.337050200747734785e-01 7.262538282212745167e-02
3.088553344557935509e-01 2.344382571122253234e-01 7.240750630962967949e-02
3.095331663901371710e-01 2.340435908415224864e-01 7.244425374649415827e-02
7.359221762384464361e-04 9.909836159213194495e-01 7.292868192454621560e-04
3.120182544349843212e-01 2.323248410304154243e-01 7.248959136019544891e-02
0.000000000000000000e+00 9.916666666666669183e-01 0.000000000000000000e+00
2.476767975415231082e-02 9.643984545562636068e-01 2.388591207784894824e-02
3.086311709163159778e-01 2.346063475838830459e-01 7.240683175921404369e-02
7.359221762384464361e-04 9.909836159213194495e-01 7.292868192454621560e-04
