2.795942422323480780e-01 3.430863080042699798e-01 9.592495630674784113e-02
2.779310125795177444e-01 3.494741711210997970e-01 9.712971025007492709e-02
3.801306001941408552e-01 2.511518939375061987e-01 9.547052018235943627e-02
2.799432809381448006e-01 3.428286221424711178e-01 9.597256928206687743e-02
2.793778786396038938e-01 3.445533872770477624e-01 9.626059441555148699e-02
3.794596155852285047e-01 2.299105313308066334e-01 8.724176183778352411e-02
3.795912915953245648e-01 2.513248328826361844e-01 9.540071792389896721e-02
2.723994703778658266e-01 3.672564789829138587e-01 1.000404703677855445e-01
2.792834606547798248e-01 3.448158657943662941e-01 9.630136828772474511e-02
2.781195234197906818e-01 3.450314302893443541e-01 9.595997695692118357e-02
