6.553232302692467703e-01 4.414590455886498177e-02 2.892983677867326867e-02
5.070942893783452199e-01 1.075902046771694542e-01 5.455837838483995617e-02
3.155545615405826454e-01 4.498524208571375582e-01 1.419529834215436936e-01
4.845191273969522427e-01 1.832471075165423846e-01 8.878672863193060039e-02
6.300488013160393530e-01 7.742885265971942432e-02 4.878395580553245015e-02
3.255082845139825043e-01 4.339505661714064266e-01 1.412545043583259552e-01
3.439801105858631414e-01 4.307965048547677811e-01 1.481854293799463596e-01
6.040737705350807119e-01 6.982297706346397848e-02 4.217822902471114049e-02
5.062020193551135527e-01 1.078392411355688640e-01 5.458844162854798593e-02
3.446495290007685064e-01 4.302510889364338231e-01 1.482858351540096709e-01
