6.874472815973087236e-01 3.655574515376337069e-02 2.513014763271862254e-02
6.878880052318597782e-01 3.651586322672656371e-02 2.511882431435235805e-02
6.837696463467131114e-01 3.876772597545430354e-02 2.650819427990267277e-02
6.608119889500846389e-01 4.113033300869078229e-02 2.717941716165227575e-02
6.892559175409653793e-01 4.309081150929311432e-02 2.970059682442261623e-02
1.035049260653972229e-02 9.803494746671149729e-01 1.014709998936707408e-02
6.985968736230403486e-01 3.988857503831953061e-02 2.786603381504807256e-02
6.940472537019637400e-01 3.851275811243082964e-02 2.672967400042064109e-02
6.892543000248635421e-01 4.309160096329037182e-02 2.970107125890343938e-02
6.841328508965434096e-01 3.865897465950599021e-02 2.644787454654506237e-02
