6.224786330002165524e-01 5.439198357708761866e-02 3.385784758323572702e-02
4.069859108738616005e-01 2.858476907784134324e-01 1.163359828026425263e-01
6.240522518344906455e-01 7.722110222950671898e-02 4.819000273546507340e-02
5.451730314848242109e-01 9.011974764938752991e-02 4.913085602266396151e-02
4.159533882831109031e-01 2.629342619875946752e-01 1.093683971694591750e-01
4.230363018039540735e-01 2.838264345068318151e-01 1.200688852079723062e-01
6.539618284797790171e-01 4.092085543498180655e-02 2.676067744321740383e-02
5.944037918436638757e-01 9.215447154471541336e-02 5.477696732152786963e-02
4.231326814986238749e-01 2.837426615386100526e-01 1.200607932323885241e-01
4.229362787527713996e-01 2.839123561557651554e-01 1.200768354044507991e-01
