3.129949305150647176e-01 3.492450020429822555e-01 1.093119151471768635e-01
4.493794415932343966e-01 1.842763635697693414e-01 8.281000935981479294e-02
4.267943873820618239e-01 2.423091578795583678e-01 1.034161885942694176e-01
4.606045162433756723e-01 1.792798953328909595e-01 8.257712946196926751e-02
4.391989993924618751e-01 1.887713783947566060e-01 8.290820050491289062e-02
3.085007928565967616e-01 3.346815854600123652e-01 1.032495344689166594e-01
3.221247817902209154e-01 3.165740456948453740e-01 1.019763453898994976e-01
3.213718694596550685e-01 3.260487243452085959e-01 1.047828880777554317e-01
3.164284353185319310e-01 3.344305663578763244e-01 1.058233408353132649e-01
3.061539699876875686e-01 3.418099958779581282e-01 1.046464872195120022e-01
