3.114098460754825548e-01 3.390675425646184626e-01 1.055889712392399649e-01
3.094711638246830931e-01 3.650202417654189180e-01 1.129632390387113883e-01
4.292084747023252045e-01 2.143211647001535547e-01 9.198846019737873247e-02
3.127672410230033506e-01 3.464332679618719601e-01 1.083529774190175182e-01
2.880688818058179113e-01 4.454631102709208923e-01 1.283240600614859450e-01
3.105163733491592692e-01 3.623708996135019955e-01 1.125220975552568975e-01
2.857656933019993573e-01 5.127921779850697082e-01 1.465384122617456875e-01
3.111106940109675256e-01 3.396407903025945862e-01 1.056658819854736919e-01
3.156968522887914075e-01 3.462625758490353034e-01 1.093140052609493235e-01
3.154793499720011107e-01 3.358659446248100089e-01 1.059587698879671802e-01
