5.808701698049825168e-01 6.561292718617206532e-02 3.811259215603372136e-02
5.646666691955967154e-01 1.368410979334199751e-01 7.726960697913271003e-02
5.873715479256247374e-01 6.364355188298430333e-02 3.738241158499330113e-02
5.812529800977115357e-01 6.499143687590534790e-02 3.777646636495228527e-02
5.953870284409563673e-01 6.367296038291969662e-02 3.791005467442529892e-02
5.886281020655863561e-01 6.338850903166703965e-02 3.731225776407744860e-02
5.974321193663668650e-01 6.270779435583836992e-02 3.746365048279881593e-02
5.823441039849073242e-01 6.479553141207000655e-02 3.773329568238782683e-02
6.201323324406365911e-01 6.719324072961019301e-02 4.166870109789835158e-02
5.770052723107865766e-01 6.673934727060949756e-02 3.850895524572218315e-02
