3.911812549197632993e-01 2.660161057900787829e-01 1.040605140918315352e-01
3.229515100408844042e-01 3.345153983573999068e-01 1.080322530314502816e-01
4.356824006327759680e-01 2.520082415216690630e-01 1.097955556454051906e-01
3.528728579532636744e-01 3.139645332235670994e-01 1.107895621345625220e-01
3.381251509392315668e-01 3.465890958575054137e-01 1.171904903507108159e-01
3.642775121288052143e-01 2.950026917225991863e-01 1.074628466120093051e-01
3.606431497343151604e-01 3.001398364958100529e-01 1.082433759945913010e-01
2.953068588160585040e-01 3.919452062651584967e-01 1.157441076901760957e-01
3.477718967048437082e-01 3.352116597797071829e-01 1.165771947191675401e-01
2.562403385429848357e-01 3.998905564925168132e-01 1.024680915757851113e-01
