5.062764448513432658e-01 1.101267657749806644e-01 5.575458745953379425e-02
5.046611010054331548e-01 1.101211746946506170e-01 5.557387326541402689e-02
4.287198756678990419e-01 1.399029929263353733e-01 5.997919373294546136e-02
4.660971024097816384e-01 1.267824184839764223e-01 5.909291789188575450e-02
5.050123886319375366e-01 1.096357394212474634e-01 5.536740664455285649e-02
4.306150746685152297e-01 1.364379159033099753e-01 5.875222334432042559e-02
5.061436165689633393e-01 1.133869173324969781e-01 5.739006441027609540e-02
4.666967702427669007e-01 1.235778454974712504e-01 5.767338136722948566e-02
4.661752049513423479e-01 1.265842434198792832e-01 5.901043561987283359e-02
4.816325746028906063e-01 1.181701055110571247e-01 5.691457215838567618e-02
