3.636521804864915053e-01 2.840369413377591967e-01 1.032906530561898129e-01
3.629599036710607352e-01 2.851207605462560135e-01 1.034874037824886628e-01
2.533091229799203647e-01 4.801298780129484856e-01 1.216212783159161259e-01
3.547288962082013053e-01 2.988717511934391169e-01 1.060184464086608297e-01
3.522077501845854441e-01 3.065244886715249861e-01 1.079603005314782593e-01
2.564033317168655790e-01 4.655555323126381317e-01 1.193699895841792841e-01
4.879508973663442273e-01 1.778197033293779927e-01 8.676728380898710014e-02
2.441558128800165317e-01 4.966532477877624863e-01 1.212607774331214278e-01
4.022167821231999452e-01 2.628225481505368499e-01 1.057116395865287106e-01
3.573543925007781619e-01 2.932380766710775410e-01 1.047899147468895203e-01
