6.270604540223460033e-01 5.599030150668087707e-02 3.510930388362735327e-02
6.172352760346877520e-01 5.405671592213985577e-02 3.336571197373069259e-02
6.260475686290587483e-01 5.285466887981805223e-02 3.308953694290407005e-02
6.506364650975795527e-01 4.749414096589597845e-02 3.090141999089670091e-02
6.240586836548359662e-01 5.362609972279203108e-02 3.346583320254856164e-02
6.544480351742362201e-01 5.199877718512035951e-02 3.403049756026491762e-02
6.443252661582553609e-01 5.875763868436931908e-02 3.785903118413685986e-02
6.462567213941295963e-01 6.267167265050394009e-02 4.050198969140081373e-02
6.511298399366802769e-01 4.915112258920895094e-02 3.200376258421977482e-02
6.469679083635351269e-01 4.904927624154818699e-02 3.173330765673966491e-02
