6.176005440577502226e-01 9.380187822965527222e-02 5.793209102827392987e-02
6.848402933325355990e-01 3.786554297517746859e-02 2.593184955831627156e-02
6.773774897989111032e-01 3.851619776988367272e-02 2.609000536196222006e-02
7.776232570121548171e-02 8.679389173907947619e-01 6.749294878290333644e-02
2.185641638483027671e-01 6.146687237440019436e-01 1.343445556488112036e-01
2.832221871650135170e-01 4.746390683272014854e-01 1.344283150455942988e-01
6.532724298930704665e-02 8.887109950417981796e-01 5.805703912036439679e-02
6.302744883337954573e-02 8.912428633663518340e-01 5.617276396893741697e-02
3.625385786740970562e-01 3.368421181426067279e-01 1.221182627489929284e-01
6.410750655185436242e-02 8.889726917072258150e-01 5.698982265804058978e-02
