5.429357520656784564e-01 1.092270918457338702e-01 5.930329325721045430e-02
7.488773762620616614e-03 9.829501346718054755e-01 7.361091178494618553e-03
5.426919840499572212e-01 1.091281924165514727e-01 5.922299525832381423e-02
5.371403551870873594e-01 1.121546439987477634e-01 6.024278531336870607e-02
7.588501839133936049e-03 9.829485480735806746e-01 7.459106864830399204e-03
5.605863049346208049e-01 1.046495482507379671e-01 5.866510356695850414e-02
5.366968208059158529e-01 1.113929000710563721e-01 5.978421532848703090e-02
7.390086810462217007e-03 9.830434964754285465e-01 7.264776777413725108e-03
5.582418682034674395e-01 1.068014483295042089e-01 5.962104004229852594e-02
5.708230651750230145e-01 1.020092145713649423e-01 5.822921253772316008e-02
