2.745007511853493880e-03 9.889991361965098093e-01 2.714810058076035960e-03
2.535520567752818089e-01 4.414333156683374337e-01 1.119263251168391843e-01
2.591881021466490576e-01 4.187730546831139322e-01 1.085409932734711785e-01
3.607812497477149716e-01 2.446310415695946427e-01 8.825829290456356502e-02
3.999423165914259282e-01 2.370437218156837833e-01 9.480381523641810693e-02
3.984776755035469020e-01 2.372339080969844416e-01 9.453241624910843632e-02
2.533107999812734268e-01 4.412332958874297661e-01 1.117691591596187556e-01
3.646804432885177860e-01 2.537516722036814443e-01 9.253827230444119922e-02
2.589671223665769295e-01 4.190722555804980431e-01 1.085259360913522347e-01
4.581453045787774458e-01 1.858587431443411153e-01 8.515031048649292222e-02
