6.435627325414137179e-01 1.052905781242602784e-01 6.776109216851414208e-02
7.865276081812450082e-01 3.460951444171438823e-02 2.722133861415587663e-02
5.664147048469183460e-02 9.139977759699439153e-01 5.177017805067556100e-02
8.036592063829517407e-01 2.537406963391557538e-02 2.039210466469834615e-02
6.139982405249317932e-01 1.315430136196490685e-01 8.076717891581167152e-02
6.996981103817527803e-01 7.686468806954363520e-02 5.378207699734253999e-02
7.952581138180205844e-01 3.108540881222628116e-02 2.472092357927314910e-02
1.715950787173300685e-01 7.185633583504574817e-01 1.233019360395358061e-01
7.911021628189468524e-01 2.285817643125270110e-02 1.808315281286108911e-02
7.865079560380406898e-01 3.460038865121931040e-02 2.721348095619231799e-02
