4.375034347504497823e-01 1.161926606843894788e-01 5.083468814221394488e-02
4.375990499088015517e-01 1.161464801658271817e-01 5.082558937081743666e-02
4.366291270302511962e-01 1.163198370082831057e-01 5.078862888922775626e-02
4.384707016156721981e-01 1.160261561307251998e-01 5.087407008440860551e-02
4.031824079155060803e-01 1.471567361117837036e-01 5.933100720653566168e-02
3.730789355216810807e-03 9.881916453059030880e-01 3.686734871221449689e-03
4.049510843000355131e-01 1.467269608282824600e-01 5.941724188346182017e-02
4.383918470081235030e-01 1.160390252276691792e-01 5.087056259458012930e-02
2.908358792669589743e-01 3.051089515040827926e-01 8.873663018290986471e-02
4.367603820657949831e-01 1.163057146903802019e-01 5.079772838460579892e-02
