4.041793165714592240e-01 1.469168199111616224e-01 5.938073986454545788e-02
4.037082377289875068e-01 1.473354477443764576e-01 5.948053396389355041e-02
4.054896398181252470e-01 1.466742822539397473e-01 5.947490188173206599e-02
4.397346687711513602e-01 1.157867585065081861e-01 5.091545189994466786e-02
4.049362969080455010e-01 1.466990800688596774e-01 5.940378224290090298e-02
4.379471275683326503e-01 1.160835767767608995e-01 5.083846900724044160e-02
4.058533828389038756e-01 1.467436398942439102e-01 5.955640266117281922e-02
4.047930291455882901e-01 1.466483905396426257e-01 5.936224622586717264e-02
4.379627275884638293e-01 1.161015487700625959e-01 5.084815097658167138e-02
4.046958312339452024e-01 1.465898627794090525e-01 5.932430636798290829e-02
