1.389487331186783636e-01 7.035752353415556382e-01 9.776088760438512992e-02
3.587158397213709993e-01 2.853448840934416086e-01 1.023577297077761794e-01
3.520995321954217272e-01 3.138380611041975965e-01 1.105022344999061490e-01
3.585843155230846735e-01 2.853942835199511086e-01 1.023379138102028379e-01
1.389188942606850996e-01 7.036126571329132107e-01 9.774509231672684484e-02
2.238205729785924802e-01 5.331060634216689964e-01 1.193201045733998100e-01
3.680466046647283829e-01 3.031201614875975725e-01 1.115623462409344457e-01
3.393759380016468374e-01 3.453463423176307834e-01 1.172022388594837761e-01
3.633624379847452124e-01 2.849061494461987420e-01 1.035241930596169369e-01
3.574426436137402296e-01 2.962298180350977361e-01 1.058851692756825613e-01
