7.632750484975296679e-02 8.876776341648230373e-01 6.775421892673276492e-02
6.752923297571232775e-01 3.799841882149131850e-02 2.566004077305179473e-02
7.393585901437833841e-02 8.912764967563518992e-01 6.589729340700666016e-02
7.803754231515805384e-02 8.854588889477985614e-01 6.909903551459666005e-02
5.966318330536879433e-01 7.310595668055618057e-02 4.361734094146373780e-02
7.981953445229569843e-02 8.825814340622064602e-01 7.044723918308483379e-02
2.702621224083719964e-01 4.840153937922292982e-01 1.308110276046118570e-01
5.915588357190335600e-01 8.863849228277097259e-02 5.243488329468654063e-02
6.111162439989690220e-01 8.774530669014538042e-02 5.362258225301925335e-02
2.964063499022611681e-01 4.767351486752265388e-01 1.413073252889356923e-01
