6.184870680872427418e-01 5.017256427089063220e-02 3.103108217432189522e-02
6.596643967066250225e-01 4.665494607347818456e-02 3.077660685494110898e-02
6.490439944498764824e-01 6.810801471577196398e-02 4.420509792517560155e-02
6.115964284156998332e-01 7.970321407392633173e-02 4.874620106086528792e-02
4.167442019826111399e-01 3.193649773436852413e-01 1.330935026242887897e-01
6.032796953975650966e-01 1.182464590130375137e-01 7.133568777522593385e-02
5.755353911292406810e-01 6.804620985290793511e-02 3.916300200255575653e-02
5.854249133062139343e-01 6.004851743500426442e-02 3.515389811355404404e-02
4.167442019826111399e-01 3.193649773436852413e-01 1.330935026242887897e-01
5.630932839302010828e-01 7.079616109334724294e-02 3.986484283970443548e-02
