8.276884015935057071e-03 9.822899887915697015e-01 8.130300307241969740e-03
6.012346223059715777e-01 5.623664410282147585e-02 3.381141747691521204e-02
6.012279751289270058e-01 5.624138559573735319e-02 3.381389438017037147e-02
5.919912594011014217e-01 5.842186104590960105e-02 3.458523109712417082e-02
5.982097276601984204e-01 5.761914897503989108e-02 3.446833541637101678e-02
5.986692458584310650e-01 5.596025369233817437e-02 3.350168287603857986e-02
5.923463973802638449e-01 5.566785808547629333e-02 3.297465518680767205e-02
4.667666983638236837e-03 9.867335295528241179e-01 4.605743517542541625e-03
6.085112122594761308e-01 5.565894386617146333e-02 3.386909140508612831e-02
5.992373771551352812e-03 9.856642183606538765e-01 5.906468409661047927e-03
