2.621724364336904811e-01 4.462565111440161547e-01 1.169961568010250696e-01
3.217763743177362579e-01 3.187399131353534365e-01 1.025629735990442326e-01
3.643831793083108228e-01 2.891089279010358726e-01 1.053464303149966586e-01
2.648430301705667622e-01 4.708097817658216111e-01 1.246906892368034453e-01
4.115831042819517172e-01 2.401051826584774396e-01 9.882323643276118286e-02
4.349990877549717583e-01 2.183474612582660956e-01 9.498094646095979476e-02
4.587955955151949983e-01 1.796699265839429849e-01 8.243177096325148001e-02
3.264822548548903525e-01 3.364310468657690789e-01 1.098387667839275800e-01
3.999670353238716225e-01 2.490007193438722732e-01 9.959207950947999988e-02
3.659748540306092535e-01 2.813137522182778127e-01 1.029537594048871990e-01
