3.942396921813012822e-01 2.542627685899795376e-01 1.002404756220789672e-01
6.011090491872495001e-01 5.990721164946288813e-02 3.601076703406795587e-02
6.049772109024680322e-01 7.330213182270076122e-02 4.434611926330254972e-02
6.013417553595817866e-01 5.924935025420213774e-02 3.562910828577659644e-02
5.837074656297233100e-01 6.288922687735402917e-02 3.670891123599299977e-02
5.957014648201719442e-01 5.952124434970579303e-02 3.545689244703912474e-02
6.010311479265972867e-01 6.006494102346092434e-02 3.610090045347408294e-02
6.013279719506809951e-01 5.913765771873512322e-02 3.556112778192052626e-02
6.059537628745566007e-01 7.140083650429171480e-02 4.326560555216656806e-02
6.017108884937684143e-01 5.845087443132895855e-02 3.517052758731263606e-02
