6.262347266990887507e-01 4.686590540681541406e-02 2.934905746394239623e-02
6.210572978692682211e-01 5.104980966907678164e-02 3.170485684981726865e-02
6.334353522998167341e-01 6.309653336472995089e-02 3.996757484078485717e-02
6.173375947054082769e-01 4.966378923065209450e-02 3.065932418760712250e-02
6.275630782140353414e-01 5.256989994187225707e-02 3.299092822892519400e-02
6.129896201450940607e-01 5.131408123826931844e-02 3.145499916634120902e-02
6.270394070464426761e-01 4.886579982367772468e-02 3.064078214628904520e-02
6.047061643133198050e-01 5.670075766031751341e-02 3.428729767842968873e-02
6.025780029397814763e-01 5.642760074216077171e-02 3.400203096589456825e-02
6.210102412477928047e-01 5.196189861275000987e-02 3.226887119319723357e-02
