4.777893203290899948e-01 1.681422872732527274e-01 8.033658915486602270e-02
4.715993597683568739e-01 1.674226460061337407e-01 7.895641266721692419e-02
4.770052260803976929e-01 1.667952199531727575e-01 7.956219160289283721e-02
4.649933332457097390e-01 1.685815368990281615e-01 7.838929076636370896e-02
4.595108585558748127e-01 1.683510766968872863e-01 7.735914779179260681e-02
4.711254379644820300e-01 1.674820424691820242e-01 7.890505060947936022e-02
4.619476029633007297e-01 1.690534058477358714e-01 7.809381560414363488e-02
4.674069383019084367e-01 1.676489726060508834e-01 7.836029299525476555e-02
4.746456765938357747e-01 1.675566173545519066e-01 7.953002401202573235e-02
4.716629624541197607e-01 1.671424737983021047e-01 7.883491434361726558e-02
