5.889552972386435416e-03 9.855382148510802853e-01 5.804379522676600921e-03
5.683344704058121977e-01 1.002487301009299947e-01 5.697480893076724978e-02
5.423603314899464456e-01 1.063176542735605884e-01 5.766247821504184162e-02
5.513921029205669511e-01 1.035224560151351836e-01 5.708146472168728475e-02
5.790522041584821311e-01 9.725404308024993005e-02 5.631516800894269953e-02
4.811902521971401711e-03 9.864801194562413666e-01 4.746846174686137829e-03
5.005473786943872780e-03 9.861979040895256787e-01 4.936387757659108609e-03
5.456625367342667898e-01 1.070006941590287419e-01 5.838627020714306365e-02
5.664658769297219454e-01 9.984704008246003681e-02 5.655994111914781908e-02
5.517267473021353341e-01 1.027244697367453857e-01 5.667583755619116925e-02
