4.830890338210418015e-03 9.862675697886822412e-01 4.764550473782414551e-03
6.305175535591037335e-03 9.847802468691518873e-01 6.209212320492678815e-03
5.315818948083724793e-01 1.138362991549228820e-01 6.051331560274663540e-02
5.552317878244719118e-01 1.075144950592411275e-01 5.969546530878780399e-02
5.566876655564618748e-01 1.084253776594132079e-01 6.035907037629649474e-02
5.392953435785501348e-01 1.111364984806174488e-01 5.993539613222160362e-02
5.342017451982887799e-01 1.142103641243249479e-01 6.101137583494641720e-02
5.409679909367361983e-01 1.107927321909863982e-01 5.993532174374976984e-02
6.315028839142335787e-03 9.845955105955775943e-01 6.217749044301145930e-03
5.711002108897232921e-01 1.034533673532087583e-01 5.908223991266953884e-02
