3.025579158291426540e-01 3.105436532202674460e-01 9.395744049229214079e-02
3.010731650725359532e-01 3.180520104655978897e-01 9.575692544856088950e-02
3.490219754355706749e-01 3.082390767395074005e-01 1.075822114700593357e-01
3.490818522740997132e-01 3.079299620541449678e-01 1.074927615245541701e-01
3.010147322990809338e-01 3.180981188774435475e-01 9.575222009873489426e-02
3.042986677815495700e-01 3.078729263303771058e-01 9.368532132834091197e-02
2.862453844115197543e-01 3.712733033501114388e-01 1.062752694391874281e-01
3.010147322990809338e-01 3.180981188774435475e-01 9.575222009873489426e-02
3.032301900503438508e-01 3.104686122308807361e-01 9.414345629143647254e-02
2.968462567226797799e-01 3.308569892077007357e-01 9.821365875684202884e-02
