5.476380726414763478e-01 9.843280550787789074e-02 5.390555189302754374e-02
5.708069919265816861e-01 9.204419395818520810e-02 5.253946947757854452e-02
0.000000000000000000e+00 9.916666666666669183e-01 0.000000000000000000e+00
5.476989348553380488e-01 9.812239447339972387e-02 5.374153093853633462e-02
5.530252071822160387e-01 9.651195815768534580e-02 5.337354565571530290e-02
1.805642178661974462e-01 6.929437999177420204e-01 1.251208552573778998e-01
1.741096443736041320e-03 9.899329528921702037e-01 1.723568743817675613e-03
5.729483736566536312e-01 9.328989208417629020e-02 5.345029194823353036e-02
5.545784107322964118e-01 9.676565050901422826e-02 5.366414067276593924e-02
5.813022435392146692e-01 9.027198355004634189e-02 5.247530656637702101e-02
