3.812888509527676550e-01 2.738762881732139665e-01 1.044259752207738201e-01
4.157184452543604136e-01 2.353153246011515098e-01 9.782492088771585492e-02
3.891152242942924055e-01 2.694747425610753977e-01 1.048567248932995577e-01
3.754713252357222975e-01 2.827632070585890944e-01 1.061694760821913913e-01
4.383795110996336342e-01 2.430064873760111877e-01 1.065290651299350827e-01
3.907833292617425847e-01 2.977540261634322727e-01 1.163573096452340666e-01
3.907833292617425847e-01 2.977540261634322727e-01 1.163573096452340666e-01
4.055372775526680518e-01 2.485113995711913382e-01 1.007806364229042184e-01
4.107122433521118166e-01 2.358606572803890744e-01 9.687085967013220333e-02
4.136080435581266368e-01 2.348996340942004490e-01 9.715637809022206750e-02
