6.642885662605299002e-01 3.955563002843660164e-02 2.627635275912211521e-02
6.533252765696512254e-01 4.216403468260852827e-02 2.754682962030758145e-02
6.456309522579960491e-01 4.506322025020736283e-02 2.909420980195319070e-02
4.493469966979312530e-03 9.871192712417041770e-01 4.435590799151103471e-03
6.642235864795370537e-01 3.957726934146432729e-02 2.628815578505406050e-02
3.922851321309757215e-03 9.876386147543695371e-01 3.874359444865716710e-03
6.732310502632856686e-01 3.754055891970332209e-02 2.527346990898262508e-02
4.550825046219522663e-03 9.868604457627681015e-01 4.491029233700568127e-03
2.389294244559023346e-03 9.890672494784455981e-01 2.363172686660673823e-03
6.731328990130633905e-01 3.757572174552662597e-02 2.529345451107454373e-02
