3.807952242130205334e-01 2.751317690124718274e-01 1.047688636692291897e-01
3.420307120786079125e-01 3.156173691264982928e-01 1.079508335067130564e-01
4.124546010686384601e-01 2.479388637582347066e-01 1.022635251408142015e-01
3.545925851036883514e-01 3.037123202719623771e-01 1.076941367730744753e-01
4.460110747197114645e-01 2.201686216247473182e-01 9.819764355041105119e-02
3.572779779861267047e-01 3.059108513780641747e-01 1.092952104243692935e-01
4.204859936670885534e-01 2.383108695161632873e-01 1.002063827701717980e-01
4.323586087960155089e-01 2.135860828848714643e-01 9.234578165429348229e-02
4.246604256295736790e-01 2.193133602801120574e-01 9.313370492280442781e-02
3.690337216643670426e-01 2.916112337172864777e-01 1.076143788578277777e-01
