5.355094567261229344e-01 1.603830702299720024e-01 8.588665080691992859e-02
6.079603168567619953e-01 1.225825518890333726e-01 7.452532708756719193e-02
2.088528177112219074e-03 9.897576175989936109e-01 2.067136672866958999e-03
6.786390082200336816e-04 9.910301253257837173e-01 6.725517013672655539e-04
6.384280504913628640e-01 5.138128164224470967e-02 3.280325147060594165e-02
6.471346580606960330e-01 5.350425118848656930e-02 3.462445529765484364e-02
6.188334816744645028e-01 1.045592810579042964e-01 6.470478393844179832e-02
6.723720743746901540e-01 4.835404441802813869e-02 3.251190914975548435e-02
6.316473155445198051e-01 5.634475627270071896e-02 3.559001404466165253e-02
6.302064593192217012e-01 5.116972716544991584e-02 3.224749258126878571e-02
