3.314948161337156196e-01 3.200676567451836707e-01 1.061007690230938716e-01
3.252734471000356953e-01 3.222137898063099359e-01 1.048075901134647714e-01
3.292892642785937851e-01 3.227756707661177948e-01 1.062865631536045463e-01
3.309763685334828898e-01 3.265214910522681868e-01 1.080708973566178455e-01
2.990596251929653060e-01 4.355406063123856697e-01 1.302526104800989237e-01
3.157874243918469825e-01 3.564775308902460305e-01 1.125711213333958627e-01
3.287120503822024142e-01 3.230224064486002522e-01 1.061813575431125589e-01
3.276199780042353682e-01 3.150378521963453915e-01 1.032126942070682313e-01
2.874802659135699545e-01 5.181712880305255897e-01 1.489640196717925413e-01
3.287120503822024142e-01 3.230224064486002522e-01 1.061813575431125589e-01
