6.063767089733994586e-01 5.493902395921741733e-02 3.331374454260099816e-02
5.607432085571741887e-01 6.760424718600162308e-02 3.790862247917086564e-02
5.329575404462667532e-01 8.155554793838773464e-02 4.346564423899072771e-02
5.615549140234616932e-01 6.742342315896843186e-02 3.786195459520199508e-02
5.644012092513979173e-01 6.478080143056313966e-02 3.656236266368452503e-02
5.630328510610980164e-01 6.260728477228907907e-02 3.524995804253598652e-02
5.416512950444584140e-01 7.450818955147435474e-02 4.035745736197406813e-02
5.228721207115654135e-01 8.105576653033709500e-02 4.238180054161887894e-02
5.455809477795543483e-01 6.975328250728239643e-02 3.805606198105813964e-02
6.140295055748005160e-01 5.495134862772662471e-02 3.374174942855147352e-02
