3.238018932458924803e-01 4.090738557853317858e-01 1.324588889806876113e-01
3.594550003645777259e-01 2.967964696240631417e-01 1.066849750969229987e-01
3.666423917383920261e-01 2.953256764457908301e-01 1.082789123538432513e-01
3.087432005790446410e-01 3.724447856065331575e-01 1.149897951471371416e-01
3.674028460612563940e-01 2.888706064461267209e-01 1.061318829517480800e-01
3.260525693487678622e-01 3.308574496307391533e-01 1.078769215402830411e-01
3.490727295651841477e-01 3.085467896504490160e-01 1.077052700618569420e-01
3.322172731512780808e-01 3.254886304890528548e-01 1.081329452628170956e-01
3.236283614245004658e-01 3.569294870623599403e-01 1.155125050420789806e-01
3.472703322391085257e-01 3.085244123955001028e-01 1.071413751964610528e-01
