7.352120692079230357e-01 5.873597532212578715e-02 4.318339795352560406e-02
7.932567474195806323e-01 2.995274458838193682e-02 2.376021674846930110e-02
6.448950739133577637e-01 9.641257537114127085e-02 6.217599492014932311e-02
7.812276900762800125e-01 2.411773998676696937e-02 1.884144629972228993e-02
6.471642868861851028e-01 9.633844462286207666e-02 6.234680081407877050e-02
7.980622653504002018e-02 8.785488282580669051e-01 7.011366681005726242e-02
7.931631026465487677e-01 3.001464675763571358e-02 2.380651034712651798e-02
7.985791667389521287e-01 2.770975326890453422e-02 2.212843167602373748e-02
8.103845515061335325e-01 2.318689720713431462e-02 1.879030329402236327e-02
3.138937214064830283e-01 4.504338676135780650e-01 1.413883629527411256e-01
