5.936281188774925610e-01 5.777435828148147490e-02 3.429648362599013039e-02
5.059172864129187763e-01 9.535808616296297113e-02 4.824330418909552470e-02
5.683597724227608117e-01 6.263538236049381869e-02 3.559943166402287223e-02
5.968674856315308030e-01 5.539303743209876563e-02 3.306230297359005754e-02
5.628383466679793834e-01 6.544241667160494158e-02 3.683350160140313329e-02
5.944456656171810405e-01 5.750699567407407953e-02 3.418478432111931448e-02
5.563394705121547101e-01 7.236124333827161081e-02 4.025741580441521278e-02
5.628755314774848140e-01 6.543263936790123803e-02 3.683043166018200310e-02
6.319805922870773696e-01 4.516561114074073291e-02 2.854378967973314821e-02
2.505275309556146074e-04 9.914533485037039240e-01 2.483863594583094348e-04
