5.553664271106399930e-01 7.228688303770464119e-02 4.014570795961475147e-02
5.544547582241451389e-01 7.230636311119886805e-02 4.009060707688701791e-02
5.536018748151034785e-01 7.232789616334936444e-02 4.004085891746234083e-02
5.546610819651129898e-01 7.218420623640200984e-02 4.003776993187559835e-02
5.854626919491540127e-01 5.953002666842498181e-02 3.485260966510101560e-02
5.907368579364172256e-02 8.936091416566377399e-01 5.278878565655009680e-02
5.522318301058493084e-01 7.238620633088546641e-02 3.997396719652449720e-02
5.477390262258718945e-02 9.021828357105829976e-01 4.941607479098104883e-02
5.709685318716583441e-02 8.961146116719576060e-01 5.116532442150788923e-02
5.525843318168706109e-01 7.253180989404638124e-02 4.007994170576990173e-02
