4.925058625718333749e-01 1.633097421873888622e-01 8.043100544238367122e-02
5.115379530996018165e-01 1.566434537954165818e-01 8.012907172095945496e-02
3.309905575892554408e-01 3.254936093209279679e-01 1.077353112408732244e-01
3.367440468911407914e-01 3.177907479829369386e-01 1.070141425403368235e-01
4.821132877278034856e-01 1.836653888334676687e-01 8.854752445230849867e-02
3.323193285989156642e-01 3.217896504539276559e-01 1.069369205889289937e-01
3.356115296653875979e-01 3.167026349567202970e-01 1.062890557668837582e-01
3.363632202948521055e-01 3.089752762132270680e-01 1.039279188985724744e-01
3.302122295428857046e-01 3.273146330795566050e-01 1.080832947512119502e-01
4.584942795602953147e-01 2.004630200282992991e-01 9.191114794635613094e-02
