3.982831916882516587e-01 2.476146601350373289e-01 9.862075714738435805e-02
2.919745509871184974e-01 3.586851298939193189e-01 1.047269297465333732e-01
3.988515884423948776e-01 2.561138552867777141e-01 1.021514180032369462e-01
3.957884294301746153e-01 2.460981230748363890e-01 9.740278961750331588e-02
2.943089725720453020e-01 3.591554973986936794e-01 1.057026854330114229e-01
4.514659514173472443e-01 2.067701312125915791e-01 9.334967401258238706e-02
2.981211104481550356e-01 3.646023443012134102e-01 1.086956557550782937e-01
4.798292350074628287e-01 2.054979032293791641e-01 9.860390170219063277e-02
2.899066563220892845e-01 3.772708893475710257e-01 1.093733420584152433e-01
2.921399736435959515e-01 3.586077813696035843e-01 1.047636677977044073e-01
