1.344864869218930208e-03 9.904732087368323112e-01 1.332052622332714244e-03
5.536601344574267891e-01 7.014388757917615347e-02 3.883587422845329734e-02
5.535767054262228370e-01 7.017508699767899261e-02 3.884729346317370574e-02
6.035097914802405317e-01 5.340493455421487651e-02 3.223040091683011116e-02
5.829115086801895940e-01 5.808815754661136865e-02 3.386025555194777104e-02
6.044619020190485914e-01 5.659478647656703693e-02 3.420939227798763804e-02
5.536383922006486991e-01 7.016197084195618938e-02 3.884436073056941885e-02
2.475671031704556116e-03 9.894593380948288885e-01 2.449575820370932053e-03
2.418867341174078898e-03 9.894593612556580320e-01 2.393370934360275915e-03
5.594865421369580316e-01 7.012205760687628686e-02 3.923234753799979130e-02
