5.449641170360390863e-01 9.839972729677634589e-02 5.362432050287475188e-02
5.541407546015389984e-01 9.622190018388346311e-02 5.332047637709114857e-02
2.140307294281714179e-01 5.867593433056919050e-01 1.255845302465120883e-01
5.443774612299264737e-01 9.741007237549571818e-02 5.302784789799575016e-02
5.351973847439358556e-01 9.910501652062572719e-02 5.304074565684344794e-02
5.652755556272897053e-01 9.405715061944758260e-02 5.316820807712790975e-02
5.437372898407938360e-01 1.003180195272684316e-01 5.454664805995276811e-02
5.386037714140000654e-01 9.860532682662152826e-02 5.310920091032843293e-02
5.373919546122751800e-01 9.923976379142125659e-02 5.333065063913235843e-02
7.281079101244418705e-01 3.232788959508127447e-02 2.353819213180831718e-02
