5.631283819024637260e-01 7.853026423271194933e-02 4.422262062774000302e-02
1.878162025119302636e-01 6.365658648058873936e-01 1.195573833765645744e-01
5.570811099178573089e-01 7.835138579795850045e-02 4.364807696392896535e-02
5.973661732449112582e-01 8.022912810742566236e-02 4.792616724030861891e-02
5.764083328103536408e-01 7.458135706288901434e-02 4.298931568335354753e-02
5.987921868361377811e-03 9.854619921450489262e-01 5.900869413204307135e-03
5.622422150136396901e-01 7.709314676643996833e-02 4.334502160033482099e-02
5.472392775837684464e-01 8.710792507322827338e-02 4.766887798889447164e-02
5.631970280984541777e-01 7.690859417475885695e-02 4.331469167445427260e-02
5.628196950163474321e-01 7.729405206326331323e-02 4.350261480882353787e-02
