4.799212160196171251e-01 2.479468417140800185e-01 1.189949497836448045e-01
6.888987890140499948e-01 6.004344994204557223e-02 4.136385995330092713e-02
6.669049032745405503e-01 7.130465975502596476e-02 4.755342721694961333e-02
4.864686170918686159e-01 2.207525974204750385e-01 1.073892107865764972e-01
2.219589993080995916e-01 6.074408454390166634e-01 1.348269621925101414e-01
1.911300383139205583e-01 6.423343119447103566e-01 1.227693816523382914e-01
4.213755753116433800e-01 3.310980071743123698e-01 1.395166132576144968e-01
6.678908979941755586e-01 7.246742161722577458e-02 4.840033129925145478e-02
4.919654536039425041e-01 2.195313680310850835e-01 1.080018490537068138e-01
4.848177829647118964e-01 2.236454365916579201e-01 1.084272847385426425e-01
