3.879548276209009439e-01 2.720279145958140465e-01 1.055345427150922027e-01
5.314481756666328272e-01 1.067638112640395265e-01 5.673943272349050992e-02
3.861807930425741331e-01 2.584893667916379201e-01 9.982362866066755991e-02
3.885823251061899519e-01 2.531776023305041257e-01 9.838034137839762883e-02
3.866491008972325893e-01 2.516619634943887407e-01 9.730487191513757794e-02
3.868570355915489367e-01 2.597336410324543321e-01 1.004797864132147833e-01
3.846810224364105579e-01 2.526758806709815675e-01 9.719961612153366071e-02
3.899320333842059005e-01 2.515302458891158777e-01 9.807970023717224595e-02
3.862219525206344595e-01 2.517141766093944910e-01 9.721754076720415250e-02
3.888142879583002531e-01 2.523994282728218019e-01 9.813650398497929250e-02
