3.440265019616131070e-01 3.184122183166223641e-01 1.095422416493050666e-01
3.373564993114028798e-01 3.261329704396622176e-01 1.100230772175536803e-01
3.383171965520448410e-01 3.141622134024487090e-01 1.062864793009016956e-01
3.304024797609237951e-01 3.430006128595607939e-01 1.133282530483154943e-01
3.361744387595431149e-01 3.172009238986868151e-01 1.066348425656495902e-01
3.388010747171122383e-01 3.090827062114828161e-01 1.047175530409238386e-01
3.388010747171122383e-01 3.090827062114828161e-01 1.047175530409238386e-01
3.436943375054954397e-01 3.184957601652259052e-01 1.094651892882964883e-01
3.376612456619535463e-01 3.150210564519092538e-01 1.063704023312962710e-01
4.103809901694029372e-01 2.603286388120950590e-01 1.068339245651604291e-01
