4.214354302857628576e-01 2.769447231173997048e-01 1.167143185523527998e-01
4.148872477193442099e-01 2.812044282018730246e-01 1.166681312631670381e-01
3.765489899362503001e-01 2.670734736093756112e-01 1.005662467263761933e-01
3.768126715559118600e-01 2.624990866206787787e-01 9.891298211052468314e-02
3.930566100512078997e-01 2.590296601880618943e-01 1.018133201362359380e-01
3.784738909140442087e-01 2.627757142266799462e-01 9.945374700108852717e-02
3.805669665648335753e-01 2.624500580610824585e-01 9.987982247107059230e-02
3.877574765717141658e-01 2.679494724760574931e-01 1.038994112960380384e-01
3.831550502009712367e-01 2.645295819936800408e-01 1.013558452684304168e-01
3.785322880149947777e-01 2.627148218103249055e-01 9.944604259531393542e-02
