4.266646252913025017e-01 1.910848941914083665e-01 8.152916477900543080e-02
3.232529961650033590e-01 3.199750679697960232e-01 1.034328994193371570e-01
3.102465384497369860e-01 3.171358798238050891e-01 9.839030893354731855e-02
3.163042780411483568e-01 3.293550506098374964e-01 1.041764115023505327e-01
4.477554710346624001e-01 1.845041181038393208e-01 8.261272830941955581e-02
3.228323674509079866e-01 3.200420780261691300e-01 1.033199417330964015e-01
3.077002220565764334e-01 3.257655251940349550e-01 1.002381244405818050e-01
3.035048586473725329e-01 3.437815250027038694e-01 1.043393631515237979e-01
2.906807061758196475e-01 3.382744208516172413e-01 9.832984753436450898e-02
4.131993249759027265e-01 1.962243971849951807e-01 8.107978846064343992e-02
