6.637714575228345071e-01 4.265489192834128612e-02 2.831309978575408462e-02
5.608431747413611390e-01 1.356178315026114745e-01 7.606033517146360001e-02
2.174404547340906269e-01 6.691127677943883301e-01 1.454921844975977929e-01
5.448486830662995217e-01 9.760737554904733160e-02 5.318125002545616431e-02
1.676593672619455244e-01 7.533241691994403411e-01 1.263018535511089557e-01
2.759668140371674960e-01 5.195196853952006588e-01 1.433701924081051127e-01
4.695557897407083847e-01 2.382376328423715384e-01 1.118658598352566952e-01
3.233886035475826426e-01 4.486344273432836260e-01 1.450832609619139291e-01
5.620150367902692068e-01 7.912860632103282943e-02 4.447146659267799118e-02
5.171119233879464261e-01 1.823514195547957517e-01 9.429609329850281718e-02
