3.219413743645352932e-01 3.307593193222760353e-01 1.064851098464917462e-01
3.329709487696170811e-01 3.961425616333388855e-01 1.319039645950793593e-01
3.625445595286121425e-01 2.932920106938179394e-01 1.063314228302512238e-01
4.136009819546955790e-01 2.455487246343194818e-01 1.015591936264776812e-01
4.074143868653207212e-01 2.519374443310135048e-01 1.026429394105357329e-01
4.284931689466675020e-01 2.286521851449266896e-01 9.797589939932976888e-02
4.193171551776149752e-01 2.350194749096602420e-01 9.854769763045559405e-02
3.449351100203735254e-01 3.070340232339642261e-01 1.059068145842053665e-01
3.649231189903771599e-01 2.923086394278283651e-01 1.066701804078366567e-01
4.162317412838760777e-01 2.512480163223416163e-01 1.045773993279679737e-01
