4.785529365120995693e-01 1.729522053775509882e-01 8.276678575967076623e-02
4.687612115635112486e-01 1.784917787663923006e-01 8.367002246866026005e-02
4.963089246396608090e-01 1.544916658071912030e-01 7.667559252255691515e-02
4.990055982856237971e-01 1.475055967294239267e-01 7.360611854644413810e-02
4.105658518346991248e-01 2.866031386246591373e-01 1.176694617479315391e-01
4.821123218124979126e-01 1.602694403270919499e-01 7.726787199168388964e-02
4.380458013146730223e-01 1.951766774584015041e-01 8.549632407520096899e-02
4.808469047942946495e-01 1.822657030157475155e-01 8.764189914527832637e-02
5.342522386441629356e-01 1.358441057186577927e-01 7.257501758680726112e-02
4.584266916040916073e-01 1.894174257813201201e-01 8.683400383309415604e-02
