3.854576371085635493e-03 9.877741624415043997e-01 3.807450946515927252e-03
3.649010221953755684e-01 2.637661140155583839e-01 9.624852462477923032e-02
6.058670801591429234e-01 5.803569213198393056e-02 3.516191533702004574e-02
5.883549050061399610e-01 6.216187479833896329e-02 3.657324394198028378e-02
6.016039886575393902e-01 5.885561917814946531e-02 3.540777525248389040e-02
5.843015746369171204e-01 6.299898010958146499e-02 3.681040327854827321e-02
3.651704223830574709e-03 9.879509530228235414e-01 3.607704668090886205e-03
5.997351279454969930e-01 6.037769364663626848e-02 3.621062382421942616e-02
5.999718144792363095e-01 6.031799242097559549e-02 3.618909535855754922e-02
5.938985975111640281e-01 5.896462925845215308e-02 3.501901061936048276e-02
