3.206781099307141059e-01 2.993660823047701314e-01 9.600014945085628970e-02
4.711815201133761066e-01 1.607637043084937378e-01 7.574888657513338674e-02
4.938471645239402852e-01 1.585235399083036456e-01 7.828640069401344992e-02
3.179975900970659630e-01 3.080321814853291817e-01 9.795349138467673855e-02
4.997394696817015758e-01 1.600768337502063987e-01 7.999671200665404991e-02
3.120747313561766378e-01 3.137085412830518671e-01 9.790050874504646616e-02
4.472608850823127646e-01 1.664457702826143137e-01 7.444468253480938935e-02
4.910398285859838285e-01 1.586216856290866561e-01 7.788956532132652877e-02
4.807773206525940979e-01 1.609322270602853988e-01 7.737256493269890900e-02
3.219413654872799735e-01 2.994718473813999804e-01 9.641237547096621896e-02
