2.929250527386219050e-01 4.169985389388896069e-01 1.221493190106025112e-01
3.587764641835440860e-01 2.933169225124818147e-01 1.052352083442268105e-01
3.791033471730693716e-01 2.829164270223786248e-01 1.072545644544291438e-01
4.063257826592467370e-01 2.408485654231628526e-01 9.786298184792344146e-02
4.114950576743431343e-01 2.373478849963940318e-01 9.766748162547451984e-02
2.943840828036979329e-01 3.801801664934210678e-01 1.119189896133229306e-01
3.614695559304897388e-01 2.919520324350325935e-01 1.055317715172951615e-01
3.834729234164631628e-01 2.752130039439560916e-01 1.055367351846154544e-01
3.760466004133243834e-01 2.868431407464371308e-01 1.078663879295784084e-01
3.404034427959263254e-01 3.759206840236931080e-01 1.279646950598647137e-01
