6.602944137478842235e-01 4.041125568473562940e-02 2.668332638116836450e-02
6.524017547102977099e-01 6.709564367754962400e-02 4.377331566865026724e-02
7.037001140844281188e-01 3.643224859577689351e-02 2.563737749320044515e-02
6.997931063866997814e-01 3.866758696621016428e-02 2.705931079956207588e-02
6.956550193846557928e-01 3.984450653712642149e-02 2.771803096745672351e-02
6.828047965499780547e-01 5.191793012993702050e-02 3.544981171966762185e-02
1.467997123913749626e-02 9.745145350605506351e-01 1.430584534681033325e-02
6.832969095587789754e-01 4.837493686899223960e-02 3.305444486268343390e-02
6.916454807846824648e-01 3.781682953461717317e-02 2.615583924522267567e-02
6.958411822425532023e-01 3.965126131775206786e-02 2.759098055275301803e-02
