7.689257024138160812e-01 2.252029146958337003e-02 1.731643093681326309e-02
7.312163621254460510e-01 5.388035213495932785e-02 3.939819507816297306e-02
4.429506012681793670e-01 2.906441158494213473e-01 1.287409858705595711e-01
7.771911858548299357e-01 2.121362951120166207e-02 1.648704587609583702e-02
7.734821558856667112e-01 2.141206568603322424e-02 1.656185072879848633e-02
7.748118235765152351e-01 2.132419572809641020e-02 1.652223897838891661e-02
7.773877720760936638e-01 2.115925607245200402e-02 1.644894693695101925e-02
7.011006400853482257e-01 8.087485416780126890e-02 5.670141202385466095e-02
7.768800202830289381e-01 2.140546231100028118e-02 1.662947599433750936e-02
7.007288111751054371e-01 8.128606208492793195e-02 5.695948564987736440e-02
