6.743498268332304146e-01 3.885385156498314535e-02 2.620108807465042211e-02
6.810590356175143523e-01 3.798814667318475141e-02 2.587217053813589338e-02
6.842482357540531357e-01 3.846428677658678130e-02 2.631912036641746028e-02
6.867963648118956543e-01 3.677109602532326049e-02 2.525425508034116057e-02
6.751032158023202445e-01 3.903830970809214068e-02 2.635488842341994140e-02
1.804946572490672557e-02 9.703753162323125458e-01 1.751475601063064852e-02
6.524246447178937425e-01 4.297236362513920382e-02 2.803622907081958562e-02
6.813616054760933682e-01 3.881815855084655431e-02 2.644920283183034918e-02
6.879182623379772599e-01 3.723683194989613199e-02 2.561589672994381978e-02
6.880458359715945216e-01 3.721335732347859360e-02 2.560449554894248664e-02
