5.151003706497537804e-01 1.258630273698971291e-01 6.483209204933411407e-02
5.150620277635833411e-01 1.269448539680716193e-01 6.538447389894694317e-02
5.189402674442457064e-01 1.258080909854444596e-01 6.528688438263655081e-02
5.275870885345629313e-01 1.233721271933585217e-01 6.508954139225979485e-02
3.566933306847119758e-03 9.882170176179954080e-01 3.524904194534754769e-03
5.142429559058793176e-01 1.269250798485250797e-01 6.527032823989530053e-02
3.543963081043995968e-03 9.882171469630787186e-01 3.502205084891779792e-03
5.255922592141889504e-01 1.235667445090854466e-01 6.494572441027270104e-02
3.543963081043995968e-03 9.882171469630787186e-01 3.502205084891779792e-03
5.346239346225972744e-01 1.221761045648595140e-01 6.531826973932705616e-02
