5.880439558082229956e-01 8.086796983447593068e-02 4.755392087964527281e-02
5.845481312589747569e-01 8.247418965658048773e-02 4.821013344085239155e-02
5.509587945590402880e-01 1.272574577769566007e-01 7.011361553543997427e-02
6.094265507624454514e-01 9.497686045436552760e-02 5.788142046895008996e-02
6.119461765735677572e-01 8.145041726750544553e-02 4.984327142717166065e-02
3.652549024292368052e-01 3.565214992799152216e-01 1.302212254334106645e-01
6.636404097003523184e-01 4.425191613364653359e-02 2.936735975295881595e-02
4.119663685010946930e-01 3.158035166865496013e-01 1.301004279292327093e-01
5.286713326769960641e-01 1.516471680718344539e-01 8.017151044122912407e-02
5.734736051868288831e-01 7.049285608285758842e-02 4.042579231775262488e-02
