1.244383032413799196e-02 9.783185989935829774e-01 1.217403064882454332e-02
6.244029474401854296e-01 5.294626928393586507e-02 3.305980659685130857e-02
1.170140335319748599e-02 9.789454143967635247e-01 1.145503515461959200e-02
5.848119593059479815e-01 7.890832928862334672e-02 4.614653465683873912e-02
1.242248555955585872e-02 9.780092655548489056e-01 1.214930597846694202e-02
1.517459851068752620e-02 9.753478030302509261e-01 1.480051131926519645e-02
5.842485324055075591e-01 7.871623027926609450e-02 4.598984201715518999e-02
1.403432159179282025e-02 9.762865728156489009e-01 1.370151972864407444e-02
5.846071897039849530e-01 7.870992014045241625e-02 4.601438521513497026e-02
1.485900867266706608e-02 9.755048981593386070e-01 1.449503574197881506e-02
