5.769484065631661496e-01 6.312464711237922299e-02 3.641966456634936067e-02
5.971190493913837161e-01 5.750774189994933838e-02 3.433896817594279255e-02
6.050220625355602344e-01 5.581742756226096280e-02 3.377077514914835626e-02
6.078761914562001989e-01 5.554246213373757735e-02 3.376294034595661575e-02
1.841721344890835232e-03 9.900962605061468524e-01 1.823481416470767438e-03
1.163185277224763198e-01 7.797914207688989574e-01 9.070418999445636898e-02
5.977710751813073431e-01 5.794303965261063394e-02 3.463667311241418190e-02
6.078984965207041569e-01 5.603724033924999820e-02 3.406495415139942917e-02
6.009847427069741066e-01 5.711893275992895036e-02 3.432760710842285706e-02
5.961467681492094162e-01 5.924850025098084977e-02 3.532080194230985404e-02
