4.368445944276693194e-01 2.245225389502771562e-01 9.808145746760441042e-02
4.448033980712978730e-01 2.244978335230835009e-01 9.985739921071207226e-02
3.640336962448433300e-01 3.028079527749183431e-01 1.102322983009874913e-01
5.516677806020008346e-01 1.480918097720048954e-01 8.169748002225564465e-02
3.066286627235561557e-01 3.862560000023702589e-01 1.184371607496766954e-01
4.390696942069512443e-01 2.248914245804445877e-01 9.874300902030144766e-02
4.342110789999143461e-01 2.416944317626491257e-01 1.049464000039310452e-01
2.994918443751453663e-01 4.007655531066203203e-01 1.200260146619269858e-01
9.414940242277451687e-02 8.351295160489707881e-01 7.862694488163148032e-02
3.052713487933940151e-01 3.827043606727477121e-01 1.168286763716832322e-01
