2.491659542235858671e-01 4.434505400591795543e-01 1.104927769648099689e-01
2.696865826920276099e-01 4.687565519988050600e-01 1.264173526230554789e-01
3.146308588575408849e-01 3.508619155692737634e-01 1.103919858359626027e-01
3.004977948141839827e-01 3.608530936882007323e-01 1.084355589051804597e-01
2.443809126672320808e-01 5.040498375921410590e-01 1.231801593405375400e-01
3.407542663410729755e-01 3.362810871388639544e-01 1.145892151323820163e-01
3.832425665748009913e-01 2.727821654286090025e-01 1.045417371946920637e-01
2.620715257561402889e-01 3.933096541309369365e-01 1.030752611527144674e-01
3.749609296553600424e-01 2.913472978935174873e-01 1.092438536707304314e-01
3.006724399017390303e-01 3.606344547089599395e-01 1.084328414099761800e-01
