3.918643039797138350e-01 2.694509088539733810e-01 1.055881928547635906e-01
3.046982910643420417e-01 3.493704825648382140e-01 1.064525889858307095e-01
3.878323347031908397e-01 2.778832649588262593e-01 1.077721154239269646e-01
3.913380770531722508e-01 2.663687014795472763e-01 1.042402154241565126e-01
3.774805188222431496e-01 2.831502334110289620e-01 1.068836970126344627e-01
3.772384676044302498e-01 3.072349251220917732e-01 1.159008323476197755e-01
2.994913793760171639e-01 3.810220438103550933e-01 1.141128174734324929e-01
4.113937543402811925e-01 2.459415539419768371e-01 1.011788192244726381e-01
2.917222760182450747e-01 3.987549403619998767e-01 1.163256987759221789e-01
3.613106803774429610e-01 3.023074751965684204e-01 1.092269195464590920e-01
