6.216081525329681945e-01 4.978044347893261640e-02 3.094392950321114832e-02
6.333861386999812826e-01 4.940318710431493288e-02 3.129129391947474415e-02
6.176756042609986563e-01 5.152774565717681277e-02 3.182743143500373767e-02
6.255110410750857053e-01 4.897625419894532928e-02 3.063518775194033067e-02
6.404108344164884947e-01 4.846698137718047361e-02 3.103877998540855582e-02
6.421649486151949082e-01 4.592947005280575978e-02 2.949429577638314551e-02
6.360469883338960573e-01 4.805889507709736747e-02 3.056771547644248493e-02
6.152937824859735505e-01 5.242945697660191667e-02 3.225951889681900886e-02
6.852365546131841123e-01 4.292035229800784946e-02 2.941059433147095656e-02
6.403724527149667889e-01 4.865234615165931614e-02 3.115562223547565027e-02
