3.550730703095839602e-01 3.009595034484608411e-01 1.068626149282928123e-01
3.638837427734281649e-01 2.785556275381242397e-01 1.013618643191736696e-01
3.593133052267671879e-01 2.860363529496725010e-01 1.027766673933569880e-01
3.637644146774963727e-01 2.787967237349142646e-01 1.014163270234347547e-01
3.811184582342531657e-01 2.827305526812287084e-01 1.077538323335881787e-01
3.751063886676508918e-01 3.080330233575090948e-01 1.155451549820133983e-01
3.615674356525501176e-01 2.786086599401406128e-01 1.007358187251500142e-01
3.751911509214593821e-01 3.079938222836026140e-01 1.155565566592842847e-01
3.632735177246843583e-01 2.891364099041825453e-01 1.050356007281786630e-01
3.524191237331689708e-01 3.204202990529121386e-01 1.129222410185472536e-01
