7.748538111391488348e-02 8.770772661260655134e-01 6.796066623212873581e-02
5.853609415870529853e-01 7.851416920036437264e-02 4.595912801105048184e-02
1.509356597472609300e-02 9.753480763039789059e-01 1.472148053801628463e-02
1.437834956318874251e-02 9.758170388645529547e-01 1.403063849451027800e-02
5.868123907025956099e-01 7.785557951551975997e-02 4.568661874503818221e-02
6.248880182731554322e-01 5.291035863175015674e-02 3.306304915151629664e-02
5.817979574049622071e-01 8.514817464649863943e-02 4.953903408609389852e-02
1.517129596705581347e-02 9.751921115344032165e-01 1.479492814882653502e-02
1.395891391686426668e-02 9.764413575395807232e-01 1.363006085476109117e-02
1.600754065080032054e-02 9.742549813913736756e-01 1.559542621886712312e-02
