4.936433979488654700e-01 1.474446463929609819e-01 7.278507625479019305e-02
4.911987661049997955e-01 1.478602111042046363e-01 7.262875325041011354e-02
5.016335349679067468e-01 1.456861334167112443e-01 7.308105010163094828e-02
4.930817290059753555e-01 1.474547755041780706e-01 7.270725565578806115e-02
5.077403525518096039e-01 1.446974604676717346e-01 7.346873959120718556e-02
4.333065197154392298e-03 9.868808316606647590e-01 4.276218985407608843e-03
4.894229222953054292e-01 1.476141067912853932e-01 7.224572751780218571e-02
6.079881212727657191e-03 9.845900899585409149e-01 5.986190790176766641e-03
4.933003592607171361e-01 1.466546032927425469e-01 7.234476849154784783e-02
7.398673876797661093e-03 9.839179241603218662e-01 7.279687842397956042e-03
