5.831381622508937657e-01 7.517689902954938219e-02 4.383851874381242825e-02
5.544853542264646107e-01 7.961669431988252499e-02 4.414629095230021560e-02
5.569635862507970048e-01 7.909877471087811696e-02 4.405513723101452811e-02
5.708568132565086106e-01 7.833902841431304720e-02 4.472036811420582181e-02
1.705852197824862934e-03 9.901540123080033728e-01 1.689056398080713986e-03
5.530466912571714300e-01 7.982344690772059936e-02 4.414609319705736779e-02
5.767539843768169083e-01 7.642924120357340312e-02 4.408086938705774865e-02
5.552251644726385882e-01 8.088305392039076003e-02 4.490830691599825841e-02
5.561186546857673774e-01 7.934967748489163419e-02 4.412783589264746009e-02
5.629220662482200543e-01 7.893646873872814385e-02 4.443508008474287424e-02
