6.824858888206725887e-04 9.910766713191156985e-01 6.763958429146602622e-04
3.424794422793284721e-01 3.389872048406193938e-01 1.160961488536438047e-01
3.427791332455387141e-01 3.252334843806155007e-01 1.114832518784138332e-01
3.454096227465706659e-01 3.131575839541224093e-01 1.081676429338209594e-01
3.675980856941378772e-01 2.973029588759801278e-01 1.092879985540132909e-01
3.423322203710389422e-01 3.202985185078262020e-01 1.096485030223384588e-01
3.402768572726201368e-01 3.293417773982780794e-01 1.120673849816649081e-01
3.430514830906820634e-01 3.250193447116611067e-01 1.114983682364969753e-01
3.401246164980134545e-01 3.377306679280466795e-01 1.148705139086448057e-01
3.406557298536969092e-01 3.272838378667874970e-01 1.114911146578295015e-01
