4.339017397445652513e-01 2.175829397655391073e-01 9.440961610300437068e-02
4.590606660727182264e-01 2.087186461585588959e-01 9.581452072734403247e-02
5.804187623241030547e-01 1.642739656597293207e-01 9.534769183029230544e-02
5.911432089108106247e-01 1.565179077652997242e-01 9.252449824838555881e-02
4.614820103440306354e-01 2.039985264496061712e-01 9.414165009318416211e-02
1.786317832387200322e-01 6.992801272629478593e-01 1.249136561163794595e-01
5.049870045552756759e-01 1.792242451233906908e-01 9.050591468854153610e-02
5.505121238702610498e-01 1.651621684002232415e-01 9.092377610902460661e-02
2.709324567022597940e-01 5.456315906931820114e-01 1.478293073208656605e-01
6.875716693489923870e-01 6.451705278141164901e-02 4.436009768239226186e-02
