3.582895369719523715e-01 2.866034257574989197e-01 1.026870087092296158e-01
3.595007587793175308e-01 2.861608534622628874e-01 1.028750439526206067e-01
3.592855673072071210e-01 2.839678961432279269e-01 1.020255666628537145e-01
4.272838189521714347e-01 2.359571018858256652e-01 1.008206516026622090e-01
3.592523563924294727e-01 2.866650618932611305e-01 1.029850989805357053e-01
3.612557893483605564e-01 2.906467856953277029e-01 1.049978339879294037e-01
3.607104534665097062e-01 2.868433022254267550e-01 1.034673776195647737e-01
3.594386220090917683e-01 2.866282367891327398e-01 1.030252584603815330e-01
3.603698421932986506e-01 2.877719764906158106e-01 1.037043417555768704e-01
3.623108227238680534e-01 2.857019465020722571e-01 1.035129072909763415e-01
