6.316089428963594932e-01 4.656413461492275169e-02 2.941032384101514158e-02
6.534646451986902971e-01 4.088628920864004201e-02 2.671774447121500612e-02
3.963359515950270473e-01 2.667108410881657288e-01 1.057070950033882073e-01
6.241993944513045678e-01 7.697485068011519771e-02 4.804765518250749684e-02
5.646784118875094460e-01 7.172520952831268337e-02 4.050167740874646705e-02
6.158329531340792640e-01 5.599320101233264818e-02 3.448245833485492906e-02
4.111769598497048150e-01 2.746747021150491852e-01 1.129399089632892039e-01
3.691610505123615327e-01 3.194568889205774420e-01 1.179310407073311529e-01
4.037603356396209375e-01 2.774490340968382429e-01 1.120229151298280379e-01
6.105677920188388175e-01 7.954847152837775381e-02 4.856973461955507027e-02
