5.342684213595618736e-01 1.146945714948737760e-01 6.127768765107761972e-02
4.989029579166267755e-03 9.864712046703602022e-01 4.921534019096208100e-03
4.672350300349522624e-03 9.869261214464043475e-01 4.611264559962896699e-03
5.329837458524090410e-01 1.148668491250393470e-01 6.122216352092698516e-02
5.611736854246022199e-01 1.082637371832106538e-01 6.075476039294286368e-02
5.471285162283208159e-01 1.124307375187763997e-01 6.151406259710393010e-02
5.291016480884378481e-01 1.172076074150680269e-01 6.201473825181510330e-02
5.438053364865892414e-01 1.132668175619875178e-01 6.159509983706173974e-02
3.036512057602991279e-03 9.887479426980363417e-01 3.002345049932738947e-03
5.284071289549850947e-01 1.183763803244079482e-01 6.255092326330378982e-02
