6.494913435162223969e-01 4.294019191300231519e-02 2.788928293642030029e-02
6.730363664909483346e-01 3.968242454384777324e-02 2.670771482854253365e-02
6.484733521507565213e-01 4.357198412257473619e-02 2.825527060382557881e-02
6.539217319287859986e-01 4.237486090140570039e-02 2.770984243088861487e-02
6.524180497000056089e-01 4.248594289367742249e-02 2.771859600235883694e-02
6.793503434684248221e-01 3.854838016313570648e-02 2.618785530397765501e-02
6.699169518449923366e-01 3.941546958349798069e-02 2.640509123891597587e-02
6.852572950385231731e-01 3.812459230462587889e-02 2.612515499711442687e-02
6.730363664909483346e-01 3.968242454384777324e-02 2.670771482854253365e-02
6.676682720751058175e-01 3.929860939713161749e-02 2.623843463113738339e-02
