4.633832371193346567e-01 1.138989659510143970e-01 5.277887154692592619e-02
3.599191926079252646e-01 2.711635544522773555e-01 9.759696758315884735e-02
4.388925329195846325e-01 1.424119152055716986e-01 6.250352618250247516e-02
4.591539084383859937e-01 1.149408537001227193e-01 5.277554221565606413e-02
4.449819470861582915e-01 1.401967266754055863e-01 6.238501241112792695e-02
4.479498449396224768e-01 1.328720573949035422e-01 5.952001750685566306e-02
4.549226285558388150e-01 1.180743450698103769e-01 5.371469142416728654e-02
4.510691408932944735e-01 1.192160398816964201e-01 5.377467669013753782e-02
4.647957088360484268e-01 1.144109706728323878e-01 5.317772821249947685e-02
4.606352225422239433e-01 1.146546486822604821e-01 5.281396961125355699e-02
