2.971033993407931617e-01 3.678797470610759568e-01 1.092983234004768350e-01
3.171146715965815766e-01 3.376554831927375266e-01 1.070755076654500287e-01
3.460509826876209671e-01 3.243546574928569681e-01 1.122432479647098719e-01
3.020027328643527520e-01 3.612236096898613913e-01 1.090905173014644347e-01
2.697043538512778338e-01 3.880868763996589976e-01 1.046687202375307518e-01
3.039616524577301582e-01 3.504844622184015157e-01 1.065338362966642138e-01
3.164703147616856338e-01 3.550637145828274277e-01 1.123671255144807063e-01
3.164703147616856338e-01 3.550637145828274277e-01 1.123671255144807063e-01
3.268928102035595917e-01 3.311376887430252935e-01 1.082465296375191566e-01
3.157772111809504789e-01 3.536267515130543382e-01 1.116672693917712539e-01
