5.573357223612867006e-01 7.774189077107118706e-02 4.332833285062720474e-02
5.742280088997060439e-01 7.541433193528473966e-02 4.330502166970007227e-02
5.653319683103308346e-01 7.709354234879520207e-02 4.358344404006023881e-02
5.647209685385118361e-01 7.706126834868823328e-02 4.351811409867738234e-02
5.671673390237623735e-01 7.644463152471651923e-02 4.335689824452548802e-02
5.625998322386775996e-01 7.693140139624510265e-02 4.328159351941385929e-02
1.247936235789302416e-03 9.905560632794053744e-01 1.236150804947171297e-03
1.485036209752077811e-03 9.903223383211097186e-01 1.470664531733195668e-03
5.569424145951339389e-01 7.767477008175971420e-02 4.326037400245712206e-02
2.107403243819692615e-03 9.897381584060378490e-01 2.085777405557012916e-03
