3.258091650732515832e-01 4.009437887408862644e-01 1.306311610509743315e-01
3.508976287746848888e-01 3.083134520003529278e-01 1.081864592262614666e-01
3.772435313709873728e-01 2.836531325651422408e-01 1.070063094133170828e-01
3.586722479288543819e-01 3.006047796448007015e-01 1.078185920533586001e-01
3.371379392376334105e-01 3.200400729772506225e-01 1.078976506770120830e-01
3.582970328864817922e-01 3.042837015045622984e-01 1.090239474048005641e-01
3.719736412935257253e-01 3.003625197804486446e-01 1.117269401908321247e-01
3.727752437347477410e-01 2.830975578875105647e-01 1.055317611422286056e-01
3.597791058354540272e-01 3.388413369964831667e-01 1.219080332446844661e-01
3.543144000242484659e-01 3.007347600111113239e-01 1.065546560597732534e-01
