3.623222070922535454e-01 2.944041788544897731e-01 1.066691718597412991e-01
4.071614188017059766e-01 2.396431480614041321e-01 9.757344417078860077e-02
3.602239657479145984e-01 2.924466877469087400e-01 1.053463056300335265e-01
4.183328807036508223e-01 2.437888866837630564e-01 1.019849072499545012e-01
4.083554035921340142e-01 2.696247647789425939e-01 1.101027296397392996e-01
4.116647424738031358e-01 2.381655058059385377e-01 9.804434161374475654e-02
4.033337664182714555e-01 2.393557690673281946e-01 9.654026385186748049e-02
2.791479599598506445e-01 4.384295703561794655e-01 1.223867201510013131e-01
3.539429765672063577e-01 2.982664495720749875e-01 1.055693149716727675e-01
2.937136970776530465e-01 3.816212762326947616e-01 1.120873959257970703e-01
