8.493396533561008155e-03 9.826330315756209854e-01 8.345891984146924791e-03
6.572727822433350152e-03 9.848721250395896520e-01 6.473296417786768633e-03
4.079097113620034354e-01 1.462979719006076151e-01 5.967636349082334341e-02
4.081378666607795025e-01 1.460078278748735414e-01 5.959132338462518053e-02
4.072224529335135568e-01 1.461521508248740941e-01 5.951643736041406507e-02
4.407635060392396942e-01 1.155970074120792890e-01 5.095094227459204261e-02
4.102195410341724080e-01 1.456411042173721415e-01 5.974482692776047349e-02
4.389104124846973098e-01 1.159678820167870938e-01 5.089951093096473783e-02
7.275693996884866066e-03 9.840466139558575742e-01 7.159622041813511889e-03
4.409450852762363815e-01 1.155677878276072379e-01 5.095904805883026689e-02
