5.397310821031631178e-01 7.551495913220607203e-02 4.075777060740172486e-02
5.751510168000877332e-01 6.047479685624473217e-02 3.478214090264790392e-02
5.664029105435814948e-01 6.288372379035159221e-02 3.561752418067379994e-02
5.655091381353916091e-01 6.296651965530017381e-02 3.560814226165399943e-02
6.069487659290101478e-01 5.286777748425915135e-02 3.208803230148059987e-02
5.799020390099708377e-01 5.785963426928374120e-02 3.355291988912882661e-02
5.997900537839433444e-01 5.287364330364079795e-02 3.171308536084375268e-02
1.821642236727753555e-03 9.899566761137387205e-01 1.803346893739403390e-03
5.997900537839433444e-01 5.287364330364079795e-02 3.171308536084375268e-02
5.378065801824476466e-01 7.799267889736841153e-02 4.194497591706145695e-02
