7.889473601610633713e-01 2.299008437074837041e-02 1.813796637418204835e-02
8.162736914636828933e-01 2.209040702926434036e-02 1.803181809171289229e-02
8.988926649612939690e-02 8.588828853007060005e-01 7.720435256575969296e-02
6.621866917181851164e-01 8.082619586621181407e-02 5.352203124481284824e-02
6.534762708250866359e-01 8.963788671096414862e-02 5.857623193252244065e-02
7.928139363068616996e-01 3.076781249206000241e-02 2.439315053338152184e-02
8.054042438732867959e-01 2.787401971801577172e-02 2.244985377469757917e-02
7.210412651405744278e-01 6.612728843870081807e-02 4.768050371615651511e-02
7.236483416905895028e-02 8.840000647911275822e-01 6.397051809404731559e-02
7.928132010468283974e-01 3.077521606849997760e-02 2.439899756417525725e-02
