5.814945180276622771e-01 6.176362232826599491e-02 3.591520779741759484e-02
7.986436945715319393e-04 9.909616186116760872e-01 7.914252482666143040e-04
5.895992577830234671e-01 6.053534536985857167e-02 3.569159469970759752e-02
7.986436945715319393e-04 9.909616186116760872e-01 7.914252482666143040e-04
5.949585374783881164e-01 6.025953830563257618e-02 3.585192677944206568e-02
5.873847117312385180e-01 6.105195317756334505e-02 3.586098391783211492e-02
3.039197680455819287e-04 9.914102523026988578e-01 3.013091739178480979e-04
5.937966941035316415e-01 5.936789125157306002e-02 3.525245756108206369e-02
6.250560577450597899e-01 5.779010592611606711e-02 3.612205578684752477e-02
5.894132402868617060e-01 6.052824546741175649e-02 3.567614928982571626e-02
