3.597032504622721949e-01 2.915954887427176234e-01 1.048878451208904300e-01
3.580178218772495646e-01 2.888992727662660354e-01 1.034310883776999729e-01
3.546983941599008427e-01 2.853493737577354472e-01 1.012129646464021149e-01
3.561046790361367953e-01 2.892051982700980517e-01 1.029873243055555720e-01
3.921655861257799525e-01 2.563229338653181255e-01 1.005210335967720164e-01
3.568208505198324776e-01 2.868515031973618568e-01 1.023545973437750972e-01
3.561051869807296266e-01 2.869450798178457829e-01 1.021826313017343557e-01
3.590813816605745168e-01 2.866211564227757469e-01 1.029203208614419690e-01
3.555661788930055134e-01 2.892037530984564730e-01 1.028310734107343721e-01
3.633981897718998044e-01 2.878849332585276533e-01 1.046168636087531356e-01
