5.784288700316138065e-01 7.586920644266885450e-02 4.388493935282818115e-02
4.860315771516959815e-01 1.063894472710094630e-01 5.170863084942592391e-02
5.146198526531342576e-01 9.385659633556439618e-02 4.830046777673285135e-02
4.479576737595863389e-01 1.652089958057226526e-01 7.400663744528877819e-02
6.089183251238259320e-01 6.064524761399767150e-02 3.692800260383516386e-02
4.716076021803006224e-01 1.114330385621955521e-01 5.255266811998202114e-02
5.125918382218340730e-01 1.160256285870357451e-01 5.947379023827243510e-02
4.934740742749406661e-01 1.038906530562211522e-01 5.126734384273776840e-02
5.550100848420482791e-01 1.037121422504821144e-01 5.756128486959066065e-02
2.162603411057787881e-04 9.914851290436592635e-01 2.144189122082888516e-04
