5.802226520570502588e-01 7.189807782895613064e-02 4.171689339572113436e-02
4.561043516322212388e-01 2.500546730877051815e-01 1.140510245412748175e-01
4.785183299710586979e-01 1.625883256968047585e-01 7.780149408522557541e-02
5.670003166913406556e-01 1.259248004994508452e-01 7.139940176248252279e-02
6.273098430536319103e-01 6.870826849923893087e-02 4.310137312874437465e-02
6.672969982812034795e-01 4.037463335142787990e-02 2.694187164211199123e-02
5.603488345060491094e-01 9.882000084436029508e-02 5.537367229902408206e-02
4.483007247715100618e-01 2.638866696018160041e-01 1.183005852400341312e-01
5.589026502510948680e-01 8.057044617892458738e-02 4.503103590131415229e-02
6.300805014368529022e-01 7.336499538102651818e-02 4.622585307758958484e-02
