2.918998826350411302e-01 3.798763668851444231e-01 1.108858669095994787e-01
4.083786565568916505e-01 2.263459642008165962e-01 9.243486077740377393e-02
4.192856449422599496e-01 2.423757961591719579e-01 1.016246920109921403e-01
4.178289468721885225e-01 2.187686855554582810e-01 9.140788949425009136e-02
3.158082149500419100e-01 3.607546544992748516e-01 1.139292834723350939e-01
4.141237374956089345e-01 2.417914348314385842e-01 1.001315726868213102e-01
1.876891872191278621e-01 6.410687536970949285e-01 1.203216733329870169e-01
2.886651559096534703e-01 3.813157365650829966e-01 1.100725665463640340e-01
4.104157714633357990e-01 2.248353067933208105e-01 9.227595588977655083e-02
3.051808578424465845e-01 3.626127591255791094e-01 1.106624728945606873e-01
