5.164235532210498204e-04 9.911934432381110938e-01 5.118756398864323211e-04
6.972335150555684091e-01 3.862514706354014393e-02 2.693074705665035942e-02
6.962515760001689591e-01 3.873348131588934956e-02 2.696824741016105864e-02
6.948790785575288398e-01 3.891712062980833692e-02 2.704269292335341468e-02
6.904727972568445171e-01 4.008276233891613916e-02 2.767605703393272512e-02
6.942847006949151023e-01 3.932228202205195755e-02 2.730085880432138457e-02
6.931716087025027173e-01 3.978985539310443686e-02 2.758119807287815611e-02
4.378317145527765679e-03 9.872546188997115557e-01 4.322513824930086963e-03
6.962062320833746210e-01 3.928290585037672034e-02 2.734900386737672967e-02
1.113602762556373943e-03 9.905627275679148580e-01 1.103093389905006804e-03
