3.953153392902055141e-01 2.765073204811356877e-01 1.093075852122257496e-01
2.732544640677173620e-01 5.209250441591056768e-01 1.423450937611484279e-01
3.984209413010094125e-01 2.516133682797140336e-01 1.002480350339212123e-01
4.071755998341065053e-01 2.426125308038623030e-01 9.878590275733327430e-02
4.043900881617593646e-01 2.871284192513262612e-01 1.161118867747904376e-01
3.998567669675360259e-01 2.420716459286844091e-01 9.679398571555385133e-02
3.193008986409111016e-01 3.504969408164063660e-01 1.119139881735687903e-01
3.306780477802718221e-01 3.325724860178393971e-01 1.099744204218108812e-01
3.272511677939604624e-01 3.352272370307364802e-01 1.097035047946512965e-01
3.288060877170511653e-01 3.354220547216368864e-01 1.102888135470360687e-01
