1.732444156482819964e-01 6.520847705734619248e-01 1.129700450311434401e-01
1.847112243474777482e-01 6.603382445723217087e-01 1.219718856384177513e-01
4.017975799230767420e-01 2.480654976446717286e-01 9.967211661604279127e-02
3.938288793022746148e-01 2.527384019297893580e-01 9.953568158865677695e-02
3.935232307729932821e-01 2.539960171839662495e-01 9.995333328570711606e-02
3.993364484402229242e-01 2.522852614472053667e-01 1.007467003001400879e-01
1.590538464055837875e-01 6.453539381375057449e-01 1.026460261537614632e-01
1.731904020034295832e-01 6.522689715985567904e-01 1.129667254055176373e-01
3.973000429767744590e-01 2.530296516957068476e-01 1.005286914931026038e-01
1.314890459027390768e-01 7.318420519143669090e-01 9.622921315772293982e-02
