2.744560695276285767e-01 4.641862368934773775e-01 1.273987301066044908e-01
3.826624740725231288e-01 2.729555825405693970e-01 1.044498585268810870e-01
3.046694882447470443e-01 3.579143478489570929e-01 1.090455811945941350e-01
3.418106420427277081e-01 3.346670325993486017e-01 1.143927532833178273e-01
2.519452897536694214e-01 4.404736959517399075e-01 1.109752729554307898e-01
2.479192158083268482e-01 4.995493059790056534e-01 1.238478721959090090e-01
2.652955098824431035e-01 3.914613698049594914e-01 1.038529437016863510e-01
3.167422698299361405e-01 3.492835216100294016e-01 1.106328554489542648e-01
3.755756738311040177e-01 2.906414227362613678e-01 1.091578481874021234e-01
3.044870760420492206e-01 3.581447030556876299e-01 1.090504334333742970e-01
