6.958255651519044127e-01 4.360437507404087143e-02 3.034103892899010432e-02
6.322881502483975735e-01 4.826780393377098216e-02 3.051916046583638339e-02
5.899357498328688942e-01 6.150480522248036319e-02 3.628388338724850698e-02
5.988630120933594592e-01 5.538265872955001196e-02 3.316662582451691127e-02
6.153823679841369243e-01 5.165175642328941052e-02 3.178558017830369203e-02
6.175162782986228782e-01 5.209863591353761092e-02 3.217175575376272217e-02
6.091843757741861598e-01 5.429612019097586340e-02 3.307634808549981403e-02
5.897087342387336006e-01 6.153789148334569414e-02 3.628943209436433226e-02
6.291489879166591859e-01 4.809321166131381997e-02 3.025779544237726035e-02
6.033262853654627333e-01 5.410583285089130834e-02 3.264347115053287812e-02
