6.258997757352807723e-01 6.837990873824520421e-02 4.279896954406663817e-02
5.751786244141476878e-01 1.094924889340218727e-01 6.297773916875198941e-02
6.050533897361332070e-01 7.542272375432076958e-02 4.563477467068375454e-02
5.510039413907287242e-01 8.956129831863893220e-02 4.934862836964089977e-02
5.442427388574284652e-01 9.021850018125818216e-02 4.910076363425736057e-02
3.138340815552703809e-03 9.881584792423149244e-01 3.101178087640646050e-03
5.941277575895107521e-01 1.010098779511510447e-01 6.001277228150753151e-02
5.535421188101763423e-01 8.913818043799388857e-02 4.934173726653094672e-02
6.451762468360557889e-01 5.966783231945929633e-02 3.849626811271186083e-02
5.450395842919915079e-01 9.027720780783256294e-02 4.920465181462278792e-02
