3.042788173161268817e-01 3.102822181231590370e-01 9.441230636473933735e-02
3.706701424103187037e-01 2.732017475940613505e-01 1.012677306874386618e-01
3.031807824648540262e-01 3.104437507442535660e-01 9.412057926196690238e-02
3.029913880378280466e-01 3.105708429819565852e-01 9.410029079918137696e-02
3.700431199418875994e-01 2.734926559542498747e-01 1.012040756905038807e-01
3.038238440494611670e-01 3.103330025462934794e-01 9.428656576902610942e-02
3.047589267768388011e-01 3.077809322406089843e-01 9.379898659202293154e-02
4.088835641681464184e-01 2.369386636756491693e-01 9.688032529293716388e-02
3.960863258151146593e-01 2.344900537975276589e-01 9.287830384885130408e-02
3.039864229821888086e-01 3.103177500526053123e-01 9.433238282637242123e-02
