2.910100977654734300e-01 3.044949043362266683e-01 8.861109187997380510e-02
4.372928432213085137e-01 1.161985234545145906e-01 5.081278269954259130e-02
4.388155300890678179e-01 1.159046762460629598e-01 5.086077194671790452e-02
6.745104661971805526e-03 9.842395250864934830e-01 6.638798609157822717e-03
4.373595261154284430e-01 1.161927194942766611e-01 5.081799273607974510e-02
4.363281678905782113e-01 1.163654815488475991e-01 5.077353736991355865e-02
4.043448329619193649e-01 1.469092380151144350e-01 5.940199130578430187e-02
4.370115729601822263e-01 1.162558158404557174e-01 5.080513694620682197e-02
4.390250206665041732e-01 1.158840415767418142e-01 5.087599374814710113e-02
7.198344703198763725e-03 9.837245499337224919e-01 7.081188403421999344e-03
