5.971643368922471273e-01 7.380761974836277939e-02 4.407527830462618090e-02
5.717714475260547990e-01 8.015114458541308662e-02 4.582813596047174975e-02
5.899160698230510036e-01 7.516759207808587639e-02 4.434257049676672280e-02
5.595005371145846951e-01 7.192809599370092455e-02 4.024380834210507241e-02
5.591319693052929640e-01 7.195984539334653041e-02 4.023505006568625642e-02
1.730880515232193217e-01 6.774986295501246314e-01 1.172669176984824507e-01
5.928266275295288601e-01 7.365549093135380365e-02 4.366493628786627390e-02
5.613020354550297686e-01 7.140339695659322916e-02 4.007887205013925536e-02
5.842584195606567166e-01 6.752722265562816073e-02 3.945334838609788203e-02
5.690446229763305164e-01 6.981919200989988861e-02 3.973023579378551218e-02
