5.560628040229115797e-03 9.860831054066455659e-01 5.483241365920396224e-03
5.971204199597128781e-01 5.975578159814586010e-02 3.568139740290574013e-02
6.298686223055016686e-03 9.847418283955046148e-01 6.202579787780772638e-03
5.899711525701842874e-01 6.120695095164987998e-02 3.611033539825161953e-02
5.894182976156652209e-01 6.292454381511272676e-02 3.708887749374607801e-02
5.816755631487922074e-01 6.379444579763736412e-02 3.710767018510581494e-02
5.905735995266732097e-01 6.140060866870933332e-02 3.626157847460832750e-02
5.852008361104451550e-01 6.257402954330462674e-02 3.661837440754156514e-02
5.912609507904622586e-01 6.240103952057048098e-02 3.689529795724571376e-02
5.875417319677407324e-01 6.378002404061267061e-02 3.747342578976570887e-02
