2.976786705215033434e-03 9.886260864565721285e-01 2.942928990592692112e-03
5.587035921943173111e-01 7.025938082465259249e-02 3.925416845208194033e-02
5.589543560675894751e-01 7.028288852865527403e-02 3.928492670010468035e-02
5.618068463379353172e-01 6.726857974929684181e-02 3.779194864658436126e-02
5.587689772149000422e-01 7.024782552647265699e-02 3.925230562099787240e-02
3.224846688582062425e-03 9.884473239102486986e-01 3.187591079349766810e-03
6.041156685867435927e-01 5.671567207812108075e-02 3.426282615682062216e-02
2.037648560077706412e-03 9.896985014668530090e-01 2.016657726424996803e-03
6.030406222470315880e-01 5.345912229439955810e-02 3.223802237319486896e-02
5.588590812444448330e-01 7.021335907613010519e-02 3.923937334437237190e-02
