2.840074594138459196e-01 4.322815428049738284e-01 1.227711827235383052e-01
3.886758448184176040e-01 2.670355391971608872e-01 1.037902637939981804e-01
3.838191196833449781e-01 2.718419288638600495e-01 1.043381298295492504e-01
3.841463992959084361e-01 2.706117373557280770e-01 1.039545245124130213e-01
3.825708890729011546e-01 2.746094132150127543e-01 1.050575673614551203e-01
3.541231027644365370e-01 3.089580642404228805e-01 1.094091883329126602e-01
4.091031667271817218e-01 2.453185007122357930e-01 1.003605754981400505e-01
3.588721381217821471e-01 2.978612120266816987e-01 1.068940900235607477e-01
2.956352820632454637e-01 4.473374328636724462e-01 1.322487281420999250e-01
3.925715416975644745e-01 2.621422032986828188e-01 1.029095688929602820e-01
