4.613637755482388192e-01 2.002668480897392689e-01 9.239586915182770865e-02
3.338666412248815218e-01 3.186643982701684030e-01 1.063914123284090685e-01
3.180770471845963399e-01 3.288167190666584361e-01 1.045890510656496686e-01
4.260360363539825723e-01 2.087675848252044386e-01 8.894251435812393358e-02
2.974122299549826209e-01 3.669141472760569234e-01 1.091247547434029963e-01
4.163149289207770387e-01 2.063772719642670561e-01 8.591793930866771511e-02
3.177307968318682785e-01 3.293950351237225904e-01 1.046589469823216156e-01
3.018705645598280252e-01 3.590703531363956258e-01 1.083927702179805636e-01
3.194735157249182778e-01 3.287734470641076601e-01 1.050344090105707895e-01
4.200067962812129019e-01 2.096500273438291484e-01 8.805443632495035811e-02
