2.175579102634895613e-04 9.914839348263216889e-01 2.157051729206364236e-04
4.111675478625733127e-01 2.129136927114380629e-01 8.754320093852743789e-02
3.734181488333366272e-01 2.569746598032421336e-01 9.595900176080311705e-02
4.141465547268624830e-04 9.913012252493056398e-01 4.105439871335173725e-04
4.128867080978608217e-01 2.117132020525229474e-01 8.741356705632347124e-02
4.998564978648070700e-01 1.468569608080003697e-01 7.340740611655628689e-02
4.205761685265921312e-01 2.448939873942252432e-01 1.029965749134627989e-01
4.127353643291372109e-01 2.117213949576731702e-01 8.738490708412839647e-02
3.888338685132323169e-01 2.427042479650745321e-01 9.437163164085472788e-02
4.098540315171666504e-01 2.131745410081582470e-01 8.737044504901522735e-02
