6.793324173363958218e-01 4.209651861348404078e-02 2.859752975114469506e-02
6.783026730445285146e-01 4.245497069677091340e-02 2.879732010764684061e-02
8.688144320572027679e-02 8.663329533453025810e-01 7.526825728331382193e-02
6.806418573790355975e-01 4.205111095867276882e-02 2.862174626776295069e-02
6.790274571029416562e-01 4.219851885225373023e-02 2.865395294975639495e-02
6.805249476522700069e-01 4.215388843464704105e-02 2.868677272032780709e-02
2.585286445649527878e-02 9.553575084485027569e-01 2.469872817341418544e-02
6.821597576261432261e-01 4.173489685972224528e-02 2.846986712638021125e-02
6.806679308068032119e-01 4.215058517652758158e-02 2.869055159440294170e-02
2.885906125408270115e-02 9.539461428396375231e-01 2.752999016930502557e-02
