5.908527015542613947e-01 6.080956154086596815e-02 3.592949371675076969e-02
5.884983952424537312e-01 6.185798352223455948e-02 3.640332403576918702e-02
5.954665954279704243e-01 6.015385213829428646e-02 3.581960953466763881e-02
1.812667363777274374e-02 9.704916142979278515e-01 1.759178476057376289e-02
6.032078703517351759e-01 5.897559175374846724e-02 3.557454110451196971e-02
5.980815341316535472e-01 6.117232071467647303e-02 3.658603541942723192e-02
5.978872149259033542e-01 5.854218042882238654e-02 3.500162121227834433e-02
1.496083007644490558e-02 9.736779792981130610e-01 1.456703079745531003e-02
1.812667363777274374e-02 9.704916142979278515e-01 1.759178476057376289e-02
5.954263823737916406e-01 6.017915343062044120e-02 3.583225562151168275e-02
