4.736822372828619621e-01 1.798177667616849829e-01 8.517648206288279400e-02
5.087747608734678462e-01 1.690489094232201228e-01 8.600781846771934913e-02
5.246537957977673861e-01 1.168722897077259237e-01 6.131749041873475053e-02
6.464099549580702986e-01 4.750008615646820337e-02 3.070452855290706912e-02
5.476481965163293442e-01 8.251999464114226357e-02 4.519192624175872447e-02
3.739052972558544186e-01 4.216593042048385476e-01 1.576606474794068902e-01
4.718097688777784793e-01 1.810001527692180756e-01 8.539764024488737115e-02
5.501886636738591019e-01 8.182587337669650074e-02 4.501966792707105119e-02
5.236597687511057586e-01 1.174309953824608649e-01 6.149388788619162410e-02
2.330338291486734048e-01 6.101899104882781977e-01 1.421948913489697319e-01
