5.686898730600469243e-01 7.630737645576265993e-02 4.339523223017287962e-02
5.846958004339141146e-01 7.652331622294074320e-02 4.474286163082986240e-02
5.898819513228408251e-01 8.387955879438886708e-02 4.947903781773305837e-02
5.795336384443764421e-01 9.889183473681620318e-02 5.731114479746706597e-02
5.774430191920459920e-01 7.539454410734247602e-02 4.353605317995171836e-02
5.836742496140525649e-01 7.234740761049676672e-02 4.222731884857869322e-02
1.443627244102841656e-01 7.744991694267362448e-01 1.118088101519459088e-01
5.823787109099208825e-01 7.120280589238013602e-02 4.146699830877366433e-02
5.880766586142761598e-01 7.379690833734942057e-02 4.339823927109246610e-02
5.966666293108976449e-01 6.907183498149221945e-02 4.121285895872551369e-02
