3.888606007441802181e-01 2.530859822628233613e-01 9.841516710265242607e-02
3.401435125870310716e-01 3.212606160096715957e-01 1.092747143854030795e-01
3.319406318604775641e-01 3.109062964257628958e-01 1.032024324849686731e-01
3.777683590957635063e-01 2.652292193528962838e-01 1.001952069791939570e-01
2.921458376696149384e-01 4.180713369113945865e-01 1.221378009276351817e-01
3.933340801572694501e-01 2.538480928836487904e-01 9.984710611406709402e-02
3.361311423227326678e-01 3.062496098229312014e-01 1.029400311856730338e-01
3.914753314315246868e-01 2.580060106803436781e-01 1.010029885424130330e-01
3.338855050667567936e-01 3.112310466225948202e-01 1.039155351940403982e-01
3.869931816500201682e-01 2.569170999798200405e-01 9.942516594148688436e-02
