6.946185334738357309e-01 3.932003487161987720e-02 2.731242495866468070e-02
6.956882176100478432e-01 3.932231755448856170e-02 2.735607301177844439e-02
3.003774907418619699e-03 9.885196037497427923e-01 2.969290381234874262e-03
3.113783219698646604e-03 9.885192439790733143e-01 3.078034634251230854e-03
6.925436149662288488e-01 4.010409921935822325e-02 2.777383784833865887e-02
6.925234788036783717e-01 4.002488764263777143e-02 2.771817442900586723e-02
6.939917776561070895e-01 3.962680759975509281e-02 2.750067864899057024e-02
6.953268695197570848e-01 3.909174177298091468e-02 2.718153843108153667e-02
6.936736952929842825e-01 3.975761525283895426e-02 2.757881188847351173e-02
6.539569455603144038e-03 9.844365167978054165e-01 6.437790976231279501e-03
