7.907732324332270579e-01 2.130592654626683319e-02 1.684815640497632633e-02
7.104679479051311253e-01 3.112584666848773607e-02 2.211391640937024339e-02
1.442896634380196920e-02 9.728522173449631882e-01 1.403725190156359173e-02
7.041569817631027073e-01 3.152356779526541142e-02 2.219754035311863674e-02
7.561025343019909251e-01 2.449944402557076989e-02 1.852409171672382907e-02
7.098018430806157797e-01 3.158040843268578729e-02 2.241583211075899237e-02
7.653809060528929953e-01 2.369550834343537443e-02 1.813608964528245354e-02
7.008220982302523216e-01 3.203662688212885468e-02 2.245197607175325114e-02
8.189057173546640533e-02 8.608012491200636163e-01 7.049150644104565377e-02
7.954549364256865429e-01 2.049758081467641102e-02 1.630490184381879620e-02
