3.235481735942406512e-01 3.365231392181595171e-01 1.088814470662358841e-01
3.274719517711314754e-01 3.217057412529144012e-01 1.053496069840704902e-01
4.567853491864249382e-01 1.902783588166616913e-01 8.691636657468866656e-02
4.575732112353987913e-01 1.901419110023868098e-01 8.700384480779753404e-02
3.290218469121592437e-01 3.183031891112452216e-01 1.047287031594121981e-01
3.131210233367782148e-01 3.830471705755452150e-01 1.199401220368721543e-01
3.258350803611018698e-01 3.370747932581706352e-01 1.098307923489778293e-01
3.268901940962247732e-01 3.207402556791426607e-01 1.048468444334277050e-01
3.258860499144592970e-01 3.292757470630381378e-01 1.073063725430061233e-01
3.154380422928196870e-01 3.629381206828284356e-01 1.144844902616265342e-01
