3.431135169753811165e-01 3.169795728374033561e-01 1.087599760455954523e-01
3.236743987343772000e-01 3.925718515741923875e-01 1.270654580183178950e-01
3.999491724012844696e-01 2.641027970331765173e-01 1.056276951022833560e-01
3.870731258407598685e-01 2.802492945111936251e-01 1.084769704411154279e-01
3.372896325411360863e-01 3.185233025778999583e-01 1.074346076822889767e-01
3.975704819324649142e-01 2.529477090289566910e-01 1.005645425823552125e-01
3.285143961769083631e-01 3.353529698389643987e-01 1.101682783927803583e-01
3.945300044103913217e-01 2.729738638214006530e-01 1.076963796973787607e-01
3.795146521995104716e-01 3.002232866819523061e-01 1.139391362272950542e-01
3.816354712721004017e-01 2.827029553725954880e-01 1.078894756036360425e-01
