5.892472421994043863e-01 7.222611656601846120e-02 4.255904000129909215e-02
5.868090057652708413e-01 6.801101956432888118e-02 3.990947877162621255e-02
5.675763205243873344e-01 7.178177593577604598e-02 4.074163626633377916e-02
5.795885897880144189e-01 6.953000292358008094e-02 4.029879634243430098e-02
5.797630315408880408e-01 7.048311237221141501e-02 4.086350290135036534e-02
3.628261735660712889e-02 9.325716878718391945e-01 3.383614170865920090e-02
5.717790885811397938e-01 7.076427778990981854e-02 4.046153425881723192e-02
5.744917323839247025e-01 7.052718916589498233e-02 4.051728708408377372e-02
5.624023359366107089e-01 1.388062027410988386e-01 7.806493266408476295e-02
5.866907815427386819e-01 6.888604313986318450e-02 4.041480648711314599e-02
