3.039139508032551729e-01 3.554717217087328684e-01 1.080328153433362526e-01
3.723793365531880006e-01 2.967183038038133103e-01 1.104917651136512746e-01
2.609775387585242523e-01 3.958381303384408412e-01 1.033048610025022185e-01
3.501248346768506825e-01 3.147439288341202235e-01 1.101996660485888013e-01
3.302718314676768019e-01 3.276222556539831743e-01 1.082044024044124531e-01
3.407316321719000007e-01 3.240046634861750707e-01 1.103986378209516478e-01
2.791649116539834385e-01 4.305249809899835967e-01 1.201874682829016661e-01
3.585774862626626702e-01 3.134990057042725264e-01 1.124136854112821882e-01
3.676941358846453345e-01 2.980584553982236762e-01 1.095943462007619579e-01
3.408493142497620587e-01 3.159333102001216087e-01 1.076856521303688058e-01
