7.766788144167356966e-01 2.119476824596057407e-02 1.646152747311013451e-02
7.016603143682222932e-01 8.015939825344478575e-02 5.624466857807959574e-02
7.807761691567980389e-01 2.076514467723169360e-02 1.621293011307563606e-02
7.772342867052662863e-01 2.105489921056433872e-02 1.636458956957424771e-02
7.681402221307559453e-01 2.249848708035899481e-02 1.728199286351289957e-02
7.015701847821305126e-01 7.960432586561043411e-02 5.584802160699324503e-02
4.992390566583342348e-01 2.034045208193735188e-01 1.015474810939045458e-01
7.777040626310172122e-01 2.126982732049954861e-02 1.654163111861270061e-02
7.727046772289081211e-01 2.159966432193160396e-02 1.669016164813092243e-02
7.334637162848829384e-01 5.309052517957581208e-02 3.893997389772782536e-02
