5.235266298327678758e-01 1.650186628627127172e-01 8.639166442802571899e-02
4.143261744916195144e-01 3.114949377451939894e-01 1.290605059294714085e-01
4.367552249268203957e-01 2.052637416694949035e-01 8.965001166218100614e-02
5.556293952624022925e-01 1.494053353585632071e-01 8.301399613425489155e-02
4.398276349446832434e-01 2.050304182286409871e-01 9.017804394122243272e-02
4.409103699265386478e-01 2.048181103957548710e-01 9.030642882224691748e-02
4.456083373005185755e-01 2.080930317699686283e-01 9.272798989083970433e-02
5.250500605613045435e-01 1.639727273209093394e-01 8.609389041024571865e-02
4.321001824947406367e-01 2.061609878802292961e-01 8.908220048634309107e-02
4.545764868080419130e-01 2.703148122315794377e-01 1.228787576764068940e-01
