6.169579573005952167e-01 7.115389837683125385e-02 4.389896379654394803e-02
3.309896657125014907e-01 4.404875333701582241e-01 1.457968214207130131e-01
2.981762204656349113e-01 5.092767474752618595e-01 1.518542157332051501e-01
2.148169648336606952e-01 6.583185149999413177e-01 1.414179852860901199e-01
6.074864276115892192e-01 9.383369697608576199e-02 5.700269736559072237e-02
1.729114212876066980e-01 7.444337287398695713e-01 1.287210940908435075e-01
1.192791617930617776e-01 8.334266394215281704e-01 9.941043096620821862e-02
1.181327073477264483e-01 8.351724795073885987e-01 9.866118610652140075e-02
6.613795280755891959e-01 4.363226412600819393e-02 2.885748625652875821e-02
6.078313696505041053e-01 9.370447430077286088e-02 5.695651895661923286e-02
