1.890752342565877459e-02 9.711198847237230147e-01 1.836147196953684044e-02
2.111683183841052414e-02 9.676973509070873058e-01 2.043470222958030172e-02
5.795236219086445928e-01 8.487451252430532056e-02 4.918678490581603752e-02
2.253503487901778110e-02 9.670669957589922427e-01 2.179288847977583002e-02
2.253503487901778110e-02 9.670669957589922427e-01 2.179288847977583002e-02
5.807166674325112687e-01 8.385013410515676502e-02 4.869317044131579036e-02
5.795236219086445928e-01 8.487451252430532056e-02 4.918678490581603752e-02
1.764469015556830236e-02 9.729906402029936396e-01 1.716811837064986107e-02
2.111683183841052414e-02 9.676973509070873058e-01 2.043470222958030172e-02
6.249418202050597282e-01 5.287369385735058575e-02 3.304298248017776413e-02
