2.070110435397252112e-03 9.895791036171434074e-01 2.048538029048907298e-03
5.154722140764365079e-01 1.381063462869837888e-01 7.118998409855857579e-02
5.024121365200089340e-01 1.393703048838577652e-01 7.002133264414402147e-02
5.041922442748281163e-01 1.392427032183663205e-01 7.020509103456194777e-02
5.007775883915972504e-01 1.399766960628217316e-01 7.009719228536345770e-02
5.019867912370087337e-01 1.399251140952096906e-01 7.024055903812664869e-02
5.055060981663991315e-01 1.394797873008699896e-01 7.050788305154205571e-02
2.740586755957059584e-01 4.828709008906096334e-01 1.323349595817858715e-01
5.248688973293088589e-01 1.369740416943517336e-01 7.189341422685317784e-02
2.183433740518047304e-03 9.894797347293204925e-01 2.160463438366845481e-03
