4.673722866480569671e-01 1.728595672487738821e-01 8.078977121405302164e-02
3.434979324106660625e-01 3.093283124247683813e-01 1.062536357539884818e-01
4.790950675553105054e-01 1.737441347363916921e-01 8.323995796887054266e-02
3.469094652271611512e-01 3.202160321854214398e-01 1.110859724826079725e-01
3.666203719766055191e-01 2.943511831211825802e-01 1.079151402476418858e-01
3.389644739638546511e-01 3.094598217677820284e-01 1.048958856984644472e-01
3.430781974288409919e-01 3.176020798443164872e-01 1.089623490526389349e-01
3.422460025901419844e-01 3.115392977081888892e-01 1.066230792903678226e-01
3.396218503963248092e-01 3.135899477980912953e-01 1.065019983368746676e-01
3.671365575328089381e-01 2.946549077100777403e-01 1.081785884768254602e-01
