3.788836442441972374e-01 2.758725787731148849e-01 1.045236079926021439e-01
3.012121253638766483e-01 4.781436048864146082e-01 1.440226514569826199e-01
3.589221019537753299e-01 2.961058734935724801e-01 1.062789425151717260e-01
3.835116146840900075e-01 2.692124296215369084e-01 1.032460935771825628e-01
3.602853341963788703e-01 2.893780377811525639e-01 1.042586630510748957e-01
1.716222674293456096e-01 7.119008328859597334e-01 1.221780351247280655e-01
3.692831992240409589e-01 2.829563797118179735e-01 1.044910371408326599e-01
3.839681208796876799e-01 2.636231617612159184e-01 1.012228900418160188e-01
3.978760532930724625e-01 2.500941839772259367e-01 9.950648687241021861e-02
1.716119260563098992e-01 7.119208304806938781e-01 1.221741049183995703e-01
