1.059196144588662042e-01 7.843086653705971800e-01 8.307367145280156184e-02
4.291481744615081584e-01 2.669320008433237468e-01 1.145533808672701409e-01
3.018115676931523161e-01 3.738895482965910455e-01 1.128441907154787288e-01
2.932064977541999351e-01 3.817784932547387822e-01 1.119399349250974063e-01
1.064672044406596990e-01 7.837337181973365041e-01 8.344193800235420733e-02
3.045958519742112403e-01 3.410939946242358967e-01 1.038958158958561556e-01
3.042288214517825384e-01 3.418920120690600584e-01 1.040134038955487505e-01
1.066153925232765504e-01 7.836368897104063480e-01 8.354775459219454525e-02
2.945902749120776765e-01 3.810274375815213554e-01 1.122469775861848901e-01
2.963802567084053430e-01 3.808414261343752716e-01 1.128738796429013397e-01
