4.170652013305596872e-01 2.233797919649371244e-01 9.316393790903504390e-02
4.129699780687804411e-01 2.565767633081731391e-01 1.059585003163349276e-01
4.218816313927723494e-01 2.439145955591531523e-01 1.029030874950037922e-01
3.226905625703191394e-01 3.430613720723613147e-01 1.107026671501758486e-01
4.197393259441685731e-01 2.232799192055647808e-01 9.371936278421218181e-02
4.176591669128909556e-01 2.239285366489089102e-01 9.352580606480606629e-02
3.042361524347182988e-01 3.448415625229133141e-01 1.049132701815475022e-01
4.202188148849501093e-01 2.256332076717368351e-01 9.481531912650709160e-02
4.206175720292669729e-01 2.267799909985631635e-01 9.538764919863465530e-02
3.110228633953637245e-01 3.438347682723679188e-01 1.069404741629532279e-01
