3.511566799263441396e-01 3.119534784512369985e-01 1.095445477844107229e-01
3.567869417611138072e-01 3.226180943846475579e-01 1.151059232522967657e-01
2.977800595671971640e-01 3.557180296430306754e-01 1.059257360562276817e-01
2.979505287080755904e-01 3.545019265695785737e-01 1.056240364494373252e-01
3.526099188902834802e-01 3.119529329624392000e-01 1.099976983894717236e-01
3.602684290453809779e-01 3.136627901801906648e-01 1.130028006682082392e-01
3.532462074447628719e-01 3.051877197905452643e-01 1.078064045747251093e-01
3.569958263693983613e-01 3.043928447606994991e-01 1.086669751562779063e-01
3.202678386771025121e-01 3.488295337890041647e-01 1.117188808533456645e-01
2.779682858035137372e-01 4.379082560559955373e-01 1.217246072750912400e-01
