3.674405780752255102e-01 3.788588209986221145e-01 1.392081041966320987e-01
2.782409125132891958e-01 5.548820574800080729e-01 1.543908900104888349e-01
5.890018249694644048e-01 1.125997566382955645e-01 6.632146215107365128e-02
3.372223954552574510e-01 4.406696308595393075e-01 1.486036685228378784e-01
2.421620124990548351e-01 6.275613339749933628e-01 1.519715156019758595e-01
3.345932886927319161e-01 4.365197646697094869e-01 1.460565836402155093e-01
6.222851952588877023e-01 8.771019065609306220e-02 5.458075311862113643e-02
6.530637623056712027e-01 4.582167128301167791e-02 2.992447304321733947e-02
3.629955644864348296e-01 3.792975878889198738e-01 1.376833420240815842e-01
3.089137906821553536e-01 5.011287832299895495e-01 1.548055920475122083e-01
