5.459124871861232853e-01 9.058903484492061842e-02 4.945368532398100592e-02
5.476049738758664853e-01 9.617716494421607587e-02 5.266709389673234626e-02
5.721065162845697660e-01 8.682899975943358939e-02 4.967543656484330050e-02
5.458323561586816419e-01 9.034700497189247781e-02 4.931431859568819603e-02
5.560255764910878584e-01 8.870391124686681505e-02 4.932164338805341414e-02
5.551538985543874594e-01 9.149764620144400229e-02 5.079527499728167528e-02
5.622203652356583259e-01 8.796614108759549799e-02 4.945635597063938876e-02
5.534325439017684367e-01 8.952724182908805561e-02 4.954728919398101311e-02
5.567688439030995529e-01 9.044564198494552121e-02 5.035731552403176214e-02
2.421890403156974070e-01 5.803897472114680767e-01 1.405640358862156603e-01
