2.708727399158139537e-01 4.548949367007174005e-01 1.232186378779540764e-01
3.000404456199010084e-01 3.474516402124847581e-01 1.042495449607194480e-01
2.833524969284395567e-01 4.266047696037821302e-01 1.208795266688133391e-01
2.999193011805297848e-01 3.547775402572830306e-01 1.064046319485116021e-01
3.070924010728134368e-01 3.501913692903817488e-01 1.075411084303596332e-01
2.968168041373258070e-01 3.389295390834311528e-01 1.005999826184808960e-01
3.054341963919597336e-01 3.432963726808805349e-01 1.048544517140594656e-01
4.159635490640886113e-01 2.093186904133422788e-01 8.706894534978107392e-02
2.773018812490101181e-01 4.107157481153444478e-01 1.138922496109796012e-01
2.984032744701395345e-01 3.442822644263923704e-01 1.027349550468299177e-01
