5.827356124478244581e-01 6.366528095122121755e-02 3.710002648677270670e-02
7.856834988475043177e-03 9.824217685847225212e-01 7.718725724855979992e-03
5.925948847617283910e-01 6.181338118573682927e-02 3.663029350049450822e-02
5.845097633405997861e-01 6.278942895934618018e-02 3.670103426131883506e-02
5.917060498841154592e-01 6.245151036046067694e-02 3.695293650468509800e-02
5.966600545468910832e-01 5.994215178403584920e-02 3.576508755312085563e-02
7.958144509044976639e-03 9.824211829135319762e-01 7.818249742372794520e-03
5.903365918573775240e-01 6.145021779595589984e-02 3.627631214255817166e-02
5.902921036582449155e-01 6.119656497111281707e-02 3.612384907345665003e-02
5.910215180544539093e-01 6.280856212836931352e-02 3.712121173592631412e-02
