4.397261127290663651e-01 1.157783633949519553e-01 5.091076967379545154e-02
4.401301759764182364e-01 1.157215101831892134e-01 5.093252864118394396e-02
4.382051518625365016e-01 1.160545299839460254e-01 5.085569293595036677e-02
4.388835877243736361e-01 1.159191143808648572e-01 5.087499680530600116e-02
4.381969801061030290e-01 1.160851613583211012e-01 5.086816714234599496e-02
6.483851797174310615e-03 9.849834742195908710e-01 6.386486869505690785e-03
4.399944252280647006e-01 1.157604158844684622e-01 5.093393765124842876e-02
4.382236449094440989e-01 1.160688705066243998e-01 5.086412349393522325e-02
7.080890243310970604e-03 9.841840052121341165e-01 6.968898920129314167e-03
4.382051518625365016e-01 1.160545299839460254e-01 5.085569293595036677e-02
