4.194051067401547428e-01 2.839286956062648248e-01 1.190811448873383971e-01
5.882002056653723443e-01 1.096032758459239420e-01 6.446866939417099374e-02
6.200130862699886336e-01 7.731393562248273232e-02 4.793565183697473531e-02
5.736395906115724364e-01 9.107037472087908814e-02 5.224157247172757368e-02
5.457776150290679640e-01 7.951355771438864406e-02 4.339671989183518236e-02
5.580185957641858874e-01 8.982601429955203165e-02 5.012458636252970640e-02
5.480708175920852021e-01 1.011566747639288250e-01 5.544102144276312483e-02
4.250195904867996033e-01 2.711219603109911724e-01 1.152321445433557995e-01
6.264413783494187093e-01 5.014720755781526540e-02 3.141428582289218507e-02
5.616581049642804802e-01 1.079789442603243943e-01 6.064724920929746854e-02
