1.104699712831136264e-02 9.795788302891337285e-01 1.082140452515866456e-02
6.404914246867323691e-01 4.994984398401270537e-02 3.199244673620030288e-02
6.636389337714235781e-01 5.411210934143704382e-02 3.591090254747397043e-02
6.852354321895877121e-01 6.439356437357855734e-02 4.412475191375714312e-02
6.685443934534504029e-01 6.415899241950219489e-02 4.289313467168062027e-02
6.271667352662397832e-01 5.237527084374556108e-02 3.284802762375697849e-02
7.146852853080285506e-01 4.320579956624705231e-02 3.087854918996477127e-02
7.781480988533268084e-01 2.518689514396750539e-02 1.959913457229640193e-02
6.543087555964147706e-01 5.254619648515639063e-02 3.438143643352738199e-02
6.530520580604173286e-01 5.080266226374140909e-02 3.317678314628462466e-02
