6.328185559096319857e-01 1.136573371320660775e-01 7.192447195244824898e-02
4.814238018168373046e-01 1.884854956496408995e-01 9.074140390298107706e-02
4.451569462354884599e-01 1.953459689710283220e-01 8.695961500655545462e-02
4.562285459944906418e-01 1.948123938077817863e-01 8.887897516863040026e-02
5.028015426950011024e-01 1.901231574728752538e-01 9.559421687940630741e-02
5.524755391295007589e-01 1.541069625852543867e-01 8.514032723789821677e-02
4.097228313059848581e-01 3.177177779496792587e-01 1.301762275377887912e-01
4.548424944137293702e-01 1.942695604946191312e-01 8.836205148403146470e-02
4.542525404180555726e-01 1.951214380885427091e-01 8.863440894174487439e-02
1.327464854244410873e-02 9.765224827950759190e-01 1.296299275289955651e-02
