3.722233237275878737e-01 2.747098648392887754e-01 1.022534189512364911e-01
4.436171912882637680e-01 2.666502632914305448e-01 1.182906408576204355e-01
3.734732209519213142e-01 2.687587795558125658e-01 1.003742070598167002e-01
3.717615670470091893e-01 2.744810240546159408e-01 1.020414956272118479e-01
3.778964215031399010e-01 2.672731388192423063e-01 1.010015627237036140e-01
3.857777350543578621e-01 2.897976193900259068e-01 1.117974692324290586e-01
3.799185647578475211e-01 2.799861524619773889e-01 1.063719371954263276e-01
3.748275453727017426e-01 2.686960321923176354e-01 1.007146741980308596e-01
3.716432150548963920e-01 2.876592893445429899e-01 1.069066231324126565e-01
5.415165904618585158e-01 1.355156612765019697e-01 7.338397884863545606e-02
