3.770323943124880284e-01 2.884793054665401035e-01 1.087660432496532353e-01
3.571811667769477228e-01 3.083597241968901725e-01 1.101402860756630353e-01
3.353315746370753025e-01 3.449415378320024872e-01 1.156697890389396799e-01
3.563065446443651196e-01 2.881135771224977993e-01 1.026567531296449926e-01
3.772858968844708949e-01 2.882293835403306748e-01 1.087448814774718137e-01
3.606709996637061377e-01 2.874114057728290872e-01 1.036609590348373522e-01
3.541691943450755997e-01 2.997967474622474926e-01 1.061787725159782786e-01
3.438085109497525105e-01 3.235481970508730099e-01 1.112386238485377626e-01
3.586965026869847750e-01 2.933344719782598475e-01 1.052180492161351455e-01
3.564070131082679449e-01 2.880748776951601586e-01 1.026719067108616268e-01
