3.407068551304168746e-01 3.091507406123608082e-01 1.053297765952767029e-01
3.396648236739582827e-01 3.090657445534273906e-01 1.049787616274005519e-01
3.378127672381548430e-01 3.235854245077199876e-01 1.093112876908859388e-01
1.288561383449250697e-01 7.307635851479742373e-01 9.416337362526079613e-02
3.324617545918127637e-01 3.513936222193050352e-01 1.168249401954027517e-01
3.305859765186568433e-01 3.426278993096997239e-01 1.132679786758331170e-01
3.319461669497490441e-01 3.502699117670569628e-01 1.162707546089013638e-01
3.353202263215897538e-01 3.269712105042187344e-01 1.096400603069187935e-01
3.347340574124429424e-01 3.345372670886656574e-01 1.119810167682591673e-01
4.848047882288836208e-01 1.668269211298483157e-01 8.087849016923277790e-02
