1.244296785775885344e-01 7.446497065294266360e-01 9.265652363635218380e-02
6.015138573328170368e-01 5.427514382173233287e-02 3.264725111750362702e-02
6.069631403165217653e-01 5.336445505538000428e-02 3.239025722169333599e-02
6.243740989257667851e-01 4.975217476362407687e-02 3.106396928763505844e-02
6.119966497270616923e-01 5.252947971828776652e-02 3.214786559949774775e-02
5.908827388454424012e-01 5.692013099621755917e-02 3.363312289848639086e-02
6.021855669108743259e-01 5.547895735832580194e-02 3.340862738844764535e-02
5.980585109362964724e-01 5.588131338946694671e-02 3.342029507486912743e-02
6.122278984656355227e-01 5.222107968083004870e-02 3.197120186860108459e-02
5.963415638274113251e-01 5.781748902203349971e-02 3.447897181997364169e-02
