3.162888635802065807e-01 3.575148905303636160e-01 1.130779784388506737e-01
1.440683397157638441e-02 9.737376774908086396e-01 1.402847705147847179e-02
1.506404305348025066e-02 9.739336039048698268e-01 1.467137774045414005e-02
3.066858106271004858e-01 3.704910549887134308e-01 1.136243495293032396e-01
4.289114853756201828e-01 2.323980680411530386e-01 9.967820056195539347e-02
4.320882385749388321e-01 2.196361777578073882e-01 9.490220917470315598e-02
4.306722789642856153e-01 2.162670894635342345e-01 9.314024028423333046e-02
4.232510418032955357e-01 2.123678595360396215e-01 8.988491779416470095e-02
3.080626973249181444e-01 3.694392346385576564e-01 1.138104471204074014e-01
3.148812997843754014e-01 3.582089618886875049e-01 1.127933035139217083e-01
