5.181400420615983604e-01 8.353878477116061241e-02 4.328478945510397247e-02
5.188540554950529238e-01 8.337490241221034992e-02 4.325940624307961224e-02
5.180846659789529740e-01 8.353019021034237268e-02 4.327571069428363254e-02
5.169212699987854043e-01 8.371771716105477767e-02 4.327546867629154803e-02
5.188191723268555933e-01 8.335836265739127171e-02 4.324791672042960916e-02
2.254573361158503878e-03 9.894340544197450793e-01 2.230751661717810756e-03
2.406534055011605618e-03 9.892747176285162647e-01 2.380723297735014548e-03
5.172864953451619119e-01 8.361105547812988648e-02 4.325086986039170661e-02
3.782344785244667017e-03 9.873648279571481945e-01 3.734554208157717364e-03
5.172227848122032956e-01 8.370488261689955356e-02 4.329407248949137393e-02
