5.409795265078800597e-01 7.536706526466470379e-02 4.077203928116680809e-02
1.817942667239621710e-02 9.706789156120768647e-01 1.764638616881082644e-02
5.138553524651826576e-01 9.073195364609204505e-02 4.662310002066723941e-02
2.832628097335420855e-02 9.562904920348042070e-01 2.708815316952500885e-02
5.724545595541289389e-01 6.057416860612636900e-02 3.467595900977761547e-02
5.568739006854342977e-01 6.773379432753209861e-02 3.771918225539774155e-02
5.131894041140951934e-01 9.077603819300228416e-02 4.658530094810518773e-02
5.576601769896615268e-01 6.766231513693782285e-02 3.773257863479499707e-02
5.724545595541289389e-01 6.057416860612636900e-02 3.467595900977761547e-02
5.593246821867703389e-01 6.747942490987875186e-02 3.774290789186396378e-02
