2.036237627720147714e-01 6.472612354704088133e-01 1.317977682629477287e-01
4.832147409169526564e-01 1.822841499093226236e-01 8.808238827170028484e-02
5.438027579029728331e-01 1.534777515765052835e-01 8.346162458405090301e-02
2.041733279865155792e-01 6.465042074654495652e-01 1.319989155955055560e-01
5.724165343994265243e-01 1.392569442203940577e-01 7.971297740169221158e-02
5.020509692730017459e-01 1.734769927200682793e-01 8.709429234167574696e-02
4.820585976943895790e-01 1.826720174844804201e-01 8.805861658657364310e-02
5.253243873423764088e-01 1.639358172003655134e-01 8.611948273425382161e-02
4.893870943790334938e-01 1.823029770455317500e-01 8.921672423296042598e-02
2.129833824956816335e-01 6.258876305251334093e-01 1.333036646114503510e-01
