3.486329945774478412e-01 2.937890608132370796e-01 1.024245600454147809e-01
3.969842098851119605e-01 2.576145519614024271e-01 1.022689093653044584e-01
3.463584731935871464e-01 4.116771827930725824e-01 1.425878804808459188e-01
3.595302089646619792e-01 2.873167718091562683e-01 1.032990590075980597e-01
4.092776014313310728e-01 2.355828004606026482e-01 9.641876351099132325e-02
4.077997461688420144e-01 2.399836352514142512e-01 9.786526554020269497e-02
3.521952859933848434e-01 2.881587390446478381e-01 1.014881495093229030e-01
4.159982996433966296e-01 2.399459037785117987e-01 9.981708797825897261e-02
3.797184319658298834e-01 2.677536030177271043e-01 1.016709782910926313e-01
4.055712061857177919e-01 2.396464399523386968e-01 9.719369570958319438e-02
