6.313115548365130225e-01 6.747953338373416377e-02 4.260060914012760158e-02
6.046390335744185052e-01 9.359355871375753255e-02 5.659031888947695099e-02
4.872561567399764232e-02 9.275445691448378494e-01 4.519518019665510339e-02
4.527163002840184358e-02 9.314807667414727321e-01 4.216965265049203021e-02
4.638954529925052445e-02 9.301251866771466092e-01 4.314808448133334445e-02
1.020648550056997422e-01 8.320968368850232277e-01 8.492784300737128700e-02
6.846890838600213636e-01 3.492495799206586649e-02 2.391273749143731087e-02
3.349062124756139180e-01 3.868275790149117710e-01 1.295509593689953831e-01
2.784389367626114442e-01 4.928993789723620789e-01 1.372423790120159692e-01
4.561567298537710230e-02 9.325104002106173740e-01 4.253708947147064739e-02
