6.019349092095744869e-01 5.669831494258115168e-02 3.412869505729844433e-02
6.008676146230075288e-01 5.458474702129249845e-02 3.279820673748434084e-02
5.837684514144797499e-01 6.395180624996107954e-02 3.733304689969862977e-02
6.210981759570853855e-01 5.052209521355061073e-02 3.137918118266647821e-02
5.859120506132481365e-01 5.999735100732741383e-02 3.515317096006603109e-02
8.048735737925367950e-02 8.562153509250236549e-01 6.891451094350548034e-02
6.129037103589158875e-01 5.183496404474128433e-02 3.176984178934293135e-02
6.058872288252419303e-01 5.521009894682377822e-02 3.345109385405846403e-02
5.883686485679837652e-01 5.856910735426945624e-02 3.446022654186468165e-02
5.993644481861160056e-01 5.583512827345719909e-02 3.346559084702167841e-02
