4.288148460333476852e-01 1.287786457498951154e-01 5.522219514962430076e-02
4.258703308929192577e-01 1.310565827308672049e-01 5.581311025328966613e-02
4.397248976624613115e-01 1.162553321232721315e-01 5.112036402062129087e-02
4.280310020655003767e-01 1.298404692061072563e-01 5.557574614294483184e-02
4.280310020655003767e-01 1.298404692061072563e-01 5.557574614294483184e-02
2.844780302756898965e-04 9.914213983038379085e-01 2.820376065626459868e-04
6.898844466529974488e-04 9.910127179764695038e-01 6.836842605672797165e-04
3.793033421111259378e-04 9.913396488680511487e-01 3.760184419829218773e-04
4.385086143313556284e-01 1.180138525026732665e-01 5.175009093285223849e-02
4.988949538187403832e-03 9.861988136880115441e-01 4.920096116109770774e-03
