6.759589174976990966e-01 3.925987958275363454e-02 2.653806570384816682e-02
6.662320252729571068e-01 3.952471332470230969e-02 2.633262980664945532e-02
6.756999875784382992e-01 3.808581200161465646e-02 2.573458269640575835e-02
6.756425870445728066e-01 3.935921941781188316e-02 2.659276483150540410e-02
6.824414502939479821e-01 3.768418015677343913e-02 2.571724655932688258e-02
6.728498771075253071e-01 3.937475716584448726e-02 2.649330052017711407e-02
6.749695824893020557e-01 3.713863848562014291e-02 2.506745131286015199e-02
6.563495802488725772e-01 4.150858601343057619e-02 2.724414300663938193e-02
6.729365670837789137e-01 3.997132545253310326e-02 2.689816653181610270e-02
6.688887183993416086e-01 3.999377388103475539e-02 2.675138415523840157e-02
