6.712985188378723933e-01 6.213197405264141160e-02 4.170910215401130161e-02
6.802811470587067921e-01 4.750421332938091490e-02 3.231622073383275812e-02
6.782245488880880302e-01 3.860089725704379804e-02 2.618007612883396437e-02
7.809743009184084983e-02 8.659719252264516109e-01 6.763018189186963125e-02
6.543871557142336703e-01 7.155018994186032599e-02 4.682152528686715082e-02
7.012935700458228228e-01 3.851416869153571898e-02 2.700973885903414085e-02
6.890263959836788743e-01 4.964828229977774621e-02 3.420897701979613847e-02
7.065785229418883873e-01 3.617117607800593437e-02 2.555777616626839915e-02
6.808892139792299680e-01 5.075323362386441328e-02 3.455732934905726694e-02
6.543923013888373053e-01 7.154565588352038152e-02 4.681892640799070748e-02
