1.765949464671124625e-01 6.982011883154886078e-01 1.232988014738480159e-01
4.049020798264807430e-01 2.424530095170437660e-01 9.816972781364055600e-02
3.622044160181133177e-01 2.868662386538851083e-01 1.039042184469431834e-01
3.632298260786770983e-01 2.903865020615450931e-01 1.054770386394104364e-01
3.790917100230353776e-01 2.726494645856265553e-01 1.033591517666302001e-01
2.553690716203749211e-01 5.455084284776396952e-01 1.393059809414245453e-01
3.874991644416506120e-01 2.678583134485337247e-01 1.037948726500565605e-01
1.740746807212791847e-01 7.021871918478722607e-01 1.222330112274899738e-01
3.851386229674426120e-01 2.657763073677942289e-01 1.023607210370040405e-01
3.857789493293265481e-01 2.610194466513282019e-01 1.006958078836715925e-01
