6.218910037279049563e-01 8.433395260918662151e-02 5.244652643646863927e-02
6.214406210663074859e-01 8.460784761941589349e-02 5.257875337169332086e-02
6.141146948700670904e-01 5.287076180131414227e-02 3.246871175116203267e-02
5.911126211643089601e-01 5.937801261839310840e-02 3.509909267838576263e-02
6.083331140262694392e-01 5.546008184386939238e-02 3.373820429223283596e-02
6.223652870806394288e-01 8.400556254416148561e-02 5.228214604916767150e-02
5.949053156274137777e-01 5.691472966139844020e-02 3.385887521306316789e-02
6.170361952846447062e-01 5.335021433854289508e-02 3.291901327307480279e-02
6.087537027193774541e-01 5.542838623209648402e-02 3.374223535454849709e-02
6.056142809414887251e-01 5.499343101769866432e-02 3.330480718228893966e-02
