6.458812677029115434e-01 4.735785524103885979e-02 3.058755157877315195e-02
3.874386024616343488e-02 9.460935823564206038e-01 3.665531753460927328e-02
4.841207581899152346e-01 1.673693167831091511e-01 8.102696053876690119e-02
4.718555811028574132e-01 1.783092722083415016e-01 8.413622525389456708e-02
4.718555811028574132e-01 1.783092722083415016e-01 8.413622525389456708e-02
4.019253682500056879e-02 9.445783347971649091e-01 3.796499950543276436e-02
4.715231725283413056e-01 1.784770232734319562e-01 8.415605223730324158e-02
3.868670012166741667e-02 9.476077443824677538e-01 3.665981663989420491e-02
4.715231725283413056e-01 1.784770232734319562e-01 8.415605223730324158e-02
4.840786258171664302e-01 1.673739966373840315e-01 8.102217428975189151e-02
