5.937505078004052805e-01 1.368516028825842445e-01 8.125570870483379837e-02
4.848785733894587224e-01 1.874593867769285549e-01 9.089504002885988310e-02
4.854451152547811232e-01 1.869050229582023548e-01 9.073213041164204795e-02
6.487317828996407298e-01 1.149525476394101658e-01 7.457337117897044898e-02
5.192369593818680906e-01 1.699197442213845888e-01 8.822861132845648269e-02
7.511310677242575284e-01 4.116504058230793794e-02 3.092034088550135382e-02
1.580696695022303366e-01 7.471870714581103634e-01 1.181076134417228668e-01
6.139727147407303409e-01 1.469415051790146920e-01 9.021807484284874445e-02
2.519402205636649406e-01 5.608285463661306647e-01 1.412952676698825405e-01
4.558543077104668662e-01 1.956442457231630239e-01 8.918527219166895448e-02
