2.996394282213453164e-01 3.657209627480721426e-01 1.095844201663922629e-01
4.951208620264629934e-03 9.862591025732582173e-01 4.883174570475173719e-03
3.011475383455057830e-01 3.713149456043925989e-01 1.118205818196582185e-01
4.245761424222339042e-01 2.077325235901545941e-01 8.819827352154353817e-02
3.149787902102876846e-01 3.480777116442377306e-01 1.096370965128673630e-01
3.095940617126388683e-01 3.732053587799351035e-01 1.155421628776027582e-01
4.356237332560190523e-01 2.227477789951138876e-01 9.703421906033816990e-02
4.313183728612302592e-01 2.102177685282376474e-01 9.067078586811820606e-02
4.681304734726816560e-03 9.868463424652361704e-01 4.619728455430351446e-03
4.277150557199224656e-01 2.130373262413533531e-01 9.111927186374374488e-02
