3.391976419310313018e-01 3.167467867515644797e-01 1.074397631553618976e-01
3.348795057785221019e-01 3.171297438422858717e-01 1.062002518855740124e-01
4.620498684830491865e-01 2.106165658738479163e-01 9.731535656236289800e-02
3.370763513711362291e-01 3.179150614902381822e-01 1.071616489730599087e-01
3.393267549944467554e-01 3.095391784388382694e-01 1.050349249632980125e-01
3.358035970398652315e-01 3.179455798814092571e-01 1.067672693871030420e-01
4.799595051897561637e-01 1.821588481654734248e-01 8.742887063143654769e-02
5.034699957308517160e-01 1.646200418432129942e-01 8.288125176401507643e-02
3.426234181724624461e-01 3.215300342682688717e-01 1.101637193861032676e-01
3.397510382441903398e-01 3.094432933663400220e-01 1.051336801989155995e-01
