6.656697904676889266e-01 3.866738316545579451e-02 2.573970884968279985e-02
5.857970687854641145e-01 8.833996940756420890e-02 5.174929513554868410e-02
3.203959492671998865e-01 4.308905788354190358e-01 1.380555960362672974e-01
2.645455562117300929e-01 5.051596888190372781e-01 1.336377508543767079e-01
5.857970687854641145e-01 8.833996940756420890e-02 5.174929513554868410e-02
3.332098105742956617e-01 4.282498157895944790e-01 1.426970399977277870e-01
2.549009774202842249e-01 5.390834822262026149e-01 1.374129065305894626e-01
2.950329333932769083e-01 4.504092001753738916e-01 1.328855475550602128e-01
6.045956497492853687e-01 6.205210260135930744e-02 3.751643129057815468e-02
4.975813476454903350e-01 1.079087131099789043e-01 5.369336289195389411e-02
