3.923763139451089677e-01 2.553973420564598085e-01 1.002118676674918496e-01
4.730864088279912449e-01 1.937793860999841855e-01 9.167439387493428460e-02
3.851064515542726996e-01 2.592454182655864470e-01 9.983708310996322610e-02
2.735155514748922601e-01 5.580862052829954623e-01 1.526452562085084397e-01
3.954924907950995161e-01 2.562686582776868005e-01 1.013523299749605477e-01
3.947963394506774915e-01 2.548690447589637698e-01 1.006213659101297814e-01
3.947743914582939051e-01 2.703325219532289880e-01 1.067203568454718476e-01
4.728996860825312454e-01 1.940185713943644585e-01 9.175132150657612506e-02
3.865707255138370879e-01 2.577050142142230382e-01 9.962121431334590438e-02
3.863632831384456456e-01 2.568203836718631616e-01 9.922596661233630544e-02
