5.485266057424518227e-01 1.049346232595862322e-01 5.755943272144377343e-02
5.421816792077687186e-01 1.043830799986297658e-01 5.659459359453593991e-02
5.391828890308655309e-01 1.057999618382175211e-01 5.704552908328544558e-02
6.302596509475099085e-01 7.128408528449055315e-02 4.492748270951554129e-02
5.455931458799151423e-01 1.037741244316635059e-01 5.661845100960505306e-02
5.476040158705749450e-01 1.038263564958708945e-01 5.685572977034885483e-02
5.416436322890162414e-01 1.042456911704909561e-01 5.646401481606375117e-02
6.077405508559304836e-01 8.429871041106384855e-02 5.123174470166450695e-02
5.490137814915940773e-01 1.036504998644032782e-01 5.690555288405000495e-02
5.317623893963652204e-01 1.057428155566578210e-01 5.623005226190750522e-02
