3.607083156578554384e-01 2.588815999399491363e-01 9.338074586914982267e-02
5.912683800996082484e-01 6.130104967011423822e-02 3.624537233685407034e-02
5.853883561165428295e-01 5.876977848139348926e-02 3.440314401455630416e-02
5.722865711657216803e-01 6.757538975397120451e-02 3.867248809748741883e-02
3.605439680990700224e-01 2.588565907649046371e-01 9.332918240297580215e-02
5.751719671202224493e-01 6.323249700813607377e-02 3.636955969009320749e-02
5.670883147000784774e-01 6.936300101006395713e-02 3.933494734533701104e-02
1.277046610338897492e-01 7.675138741328235703e-01 9.801509913493976212e-02
5.912192089355619018e-01 5.741167594568646892e-02 3.394288563627358146e-02
5.670164206311724131e-01 6.935610486912355266e-02 3.932605033181066356e-02
