5.809170666736261923e-01 6.493584060440499295e-02 3.772233804589709971e-02
1.194120147689519129e-01 8.134422442758820759e-01 9.713477728716102266e-02
1.206055542152983384e-01 8.142740234962573265e-01 9.820596988688697071e-02
1.195811872651129093e-01 8.148621176500540075e-01 9.744217948595756962e-02
1.188910124159737181e-01 8.153045811199762793e-01 9.693238707673534904e-02
6.146955571736889556e-01 5.093088130700108157e-02 3.130698646235405280e-02
1.170645089420749296e-01 8.177691857028460687e-01 9.573174815226415113e-02
1.283175407205588148e-01 8.028621209258416380e-01 1.030212928948958939e-01
1.232251869295770824e-01 8.117782860342813711e-01 1.000315310419460091e-01
1.240089600660091301e-01 8.111949379034801844e-01 1.005954406602214274e-01
