4.196370690059995079e-01 1.782192811972703739e-01 7.478741680197857622e-02
4.491844637053865053e-01 1.708864237631326499e-01 7.675952661257415266e-02
4.482762745851835429e-01 1.709133148781448175e-01 7.661638407057917710e-02
3.905966531561506638e-01 1.855348089969485192e-01 7.246927543817376083e-02
4.183228028799571008e-01 1.806765453056326520e-01 7.558111884691980087e-02
4.761576923386897642e-01 1.406765488445977930e-01 6.698422086401466247e-02
3.898425261206157622e-01 1.856616432475053924e-01 7.237880400731207253e-02
4.186206939259377591e-01 1.785723456747844995e-01 7.475407926236071754e-02
4.475509764751865460e-01 1.711188760429286360e-01 7.658442006634912091e-02
4.487145978330802087e-01 1.710110894563466877e-01 7.673517223040150770e-02
