5.540575636915884283e-01 8.318648588869312355e-02 4.609010170355401503e-02
5.606435687353745756e-01 8.209537029040625544e-02 4.602624137626541018e-02
5.183267835149983904e-01 1.742676105477644066e-01 9.032757004606713214e-02
7.716501865925784465e-01 2.439179153277460863e-02 1.882193048759280007e-02
5.613813601697260625e-01 8.126251768480635684e-02 4.561926270871301259e-02
5.942896539234957531e-01 1.069621321783735257e-01 6.356648851520481369e-02
7.583909430344982772e-01 2.805035754851344793e-02 2.127313711367197213e-02
5.835765606583885878e-01 1.088629448896174801e-01 6.352986296182666637e-02
5.442347725386421642e-01 8.436088656535672969e-02 4.591212791105511032e-02
4.938995032041239019e-01 2.072157322815527114e-01 1.023437472299376233e-01
