2.815358996728187790e-01 5.419331244324772090e-01 1.525736297495991212e-01
3.331692332714412674e-01 3.168424378068545599e-01 1.055621520719640521e-01
4.785139728141348803e-01 1.958942906853441135e-01 9.373815528745098324e-02
3.309311352818235519e-01 3.270965060761327203e-01 1.082464181024924976e-01
3.282210455512384328e-01 3.263208461893465362e-01 1.071053693214321784e-01
3.991547567984520262e-01 2.465097736373455528e-01 9.839554874465612777e-02
3.266832720258459610e-01 3.434601073324681231e-01 1.122026716737189317e-01
3.283852214281665072e-01 3.336537337346000553e-01 1.095669552327711432e-01
3.292640052959099894e-01 3.368458265130498397e-01 1.109112060048980247e-01
3.245842535014774044e-01 3.412453641108785796e-01 1.107628717707693777e-01
