3.347167981401160675e-01 3.576679935393107801e-01 1.197174855946778194e-01
3.823182956723262804e-01 2.852004171994635406e-01 1.090373374287353092e-01
3.095403795244997536e-01 3.552168027807098838e-01 1.099539439462203227e-01
3.491973811869986677e-01 3.251248127206253780e-01 1.135327331609557733e-01
3.853438005881557604e-01 2.921608994104822887e-01 1.125823913620891265e-01
3.497189344179927328e-01 3.224126403083497627e-01 1.127538050115276524e-01
3.854328873445778680e-01 2.920616197817728077e-01 1.125701533950229788e-01
3.818136567524571534e-01 2.996939344581017184e-01 1.144272370219790447e-01
3.550847316429199818e-01 3.152246760814354509e-01 1.119314695136028881e-01
2.945872182657265359e-01 4.029891043976975284e-01 1.187154392559141847e-01
