3.702883622866049440e-01 3.888320082842243730e-01 1.439799675521770406e-01
5.381853993332829100e-01 1.441795578406932510e-01 7.759533291218966011e-02
5.369043511683088132e-01 9.782064910173565719e-02 5.252033213683019591e-02
3.747398376060553371e-01 3.885814635984541909e-01 1.456169545656080255e-01
5.291529062738130618e-01 1.086052672608404934e-01 5.746879280771794579e-02
3.675724092326900783e-01 3.902902852094811692e-01 1.434599404345627272e-01
4.876642120144951131e-01 1.777580162535060404e-01 8.668622292552584374e-02
6.131984926004578895e-01 8.775250285166273645e-02 5.380970247055696931e-02
6.528455179578840362e-01 4.224339076499129819e-02 2.757840832426803820e-02
5.971336709989795155e-01 9.287637302240259185e-02 5.545960957193784430e-02
