6.344745763686295836e-01 4.583102576291145369e-02 2.907862065546299238e-02
6.059025268400335396e-01 9.575959570364549200e-02 5.802098100601882358e-02
3.203873928281145145e-01 4.324172378870545508e-01 1.385410314605679816e-01
3.598347786638589341e-01 3.663398215025817639e-01 1.318218085861390942e-01
3.130779996453409431e-01 4.343878027016777055e-01 1.359972643401762826e-01
3.604100929248508778e-01 3.656768968348469429e-01 1.317936443687182935e-01
5.985902666304320219e-01 6.216078517243754653e-02 3.720884097032639559e-02
6.055637534380285958e-01 9.588853367373705028e-02 5.806662036313700592e-02
3.607181026205819041e-01 3.666657160022206430e-01 1.322629613723381725e-01
4.650941702632939712e-01 1.973347936713873707e-01 9.177926212667222861e-02
