3.816594272248483577e-01 2.662938622719348558e-01 1.016335629481993075e-01
3.043325399021832300e-01 4.643741267230672709e-01 1.413241574504893738e-01
1.768068263294954034e-01 7.035896057938912929e-01 1.243994452388386684e-01
3.841426260267695736e-01 2.657790145408058802e-01 1.020970485885121515e-01
3.955758213061313922e-01 2.527771256042319337e-01 9.999251906829717540e-02
3.717106689401364350e-01 2.795098000558940976e-01 1.038967747541001824e-01
3.657938276259056765e-01 2.862568995221717594e-01 1.047110069605395044e-01
3.817907861024550931e-01 2.696304690083852762e-01 1.029424287198850707e-01
3.750083800753463148e-01 2.770491146026399232e-01 1.038957396684449669e-01
3.277529526391670389e-01 4.322575932786424380e-01 1.416737024977752224e-01
