3.302423462006197630e-01 3.317464320650402865e-01 1.095567200688434134e-01
3.345121852699285969e-01 3.364631724170211724e-01 1.125510310680705173e-01
3.401121065453249215e-01 3.074187926542855109e-01 1.045568531612695029e-01
3.344436339207865760e-01 3.406473543078986088e-01 1.139273390602353192e-01
3.382884555451562414e-01 3.215518809251779464e-01 1.087772891758184285e-01
3.379100206434491049e-01 3.073508595208210847e-01 1.038569352854624844e-01
4.716929648992009838e-01 1.692135076518794801e-01 7.981682112530866235e-02
2.228405120339097337e-03 9.894997039825279561e-01 2.205006206928686232e-03
3.363131519909419720e-01 3.294232644083326944e-01 1.107893763923118585e-01
3.271737196776194900e-01 3.600723617853305858e-01 1.178062139584121343e-01
