3.426765939382888648e-01 3.150341958800921827e-01 1.079548452182777091e-01
3.437418543407699811e-01 3.138731683041939280e-01 1.078913449006962122e-01
3.528945560842123852e-01 3.060398606727601778e-01 1.079998007761879125e-01
3.612496147898620613e-01 2.989705184610064737e-01 1.080029846275639277e-01
3.478104672698600908e-01 3.241134421022311418e-01 1.127300477460197597e-01
3.640208153285746095e-01 2.961596652915425842e-01 1.078082828268650956e-01
3.533792853027339365e-01 3.184949421496500732e-01 1.125495150293789326e-01
3.437067769745633106e-01 3.160840684559513836e-01 1.086402364220022815e-01
3.317299286118662871e-01 3.244493803660880027e-01 1.076295697870066209e-01
3.551014556538607536e-01 3.027474095040751378e-01 1.075060458103325595e-01
