3.037938003429320744e-01 3.806721843570152197e-01 1.156458495706629147e-01
3.258669422514906544e-01 3.912582355542151280e-01 1.274981248507655596e-01
4.035889923866591289e-01 2.577201512881441836e-01 1.040130161761194660e-01
4.089728805362563002e-01 2.444892362343687453e-01 9.998946720287903156e-02
3.360892021162020793e-01 3.181875850525690552e-01 1.069394115835991255e-01
4.048319761997913879e-01 2.468775794256733436e-01 9.994393835831630324e-02
3.241111417213605739e-01 3.590162497489734483e-01 1.163611666026609093e-01
4.026355057317578257e-01 2.458742251256841316e-01 9.899769297988390837e-02
3.510606634923321145e-01 3.069450908361704977e-01 1.077563472446601694e-01
3.536821345824263663e-01 2.985125042321299382e-01 1.055785396963652978e-01
