5.456393382643234258e-01 9.997187032174448262e-02 5.454858516740341418e-02
1.785243523590858694e-01 6.914370169913524045e-01 1.234383456554794395e-01
5.557890557749227689e-01 9.785394956711401804e-02 5.438615423375321029e-02
5.561659148760745852e-01 9.727131085834220259e-02 5.409898759472493712e-02
5.472551536291010432e-01 1.002605445007509616e-01 5.486809968369579099e-02
5.713210348186217313e-01 9.509245601986171526e-02 5.432832037671166819e-02
1.210386775000752086e-03 9.906077016527600199e-01 1.199018461294391403e-03
1.210386775000752086e-03 9.906077016527601309e-01 1.199018461294391619e-03
5.711083881114010774e-01 9.363392347103313695e-02 5.347511910608802183e-02
5.851101841715121710e-01 9.085464395926640124e-02 5.315997745984352846e-02
