5.843494718934740817e-01 6.073766167261181181e-02 3.549202052243521227e-02
5.983120903254076639e-01 6.419071424544897653e-02 3.840608041967549791e-02
5.849616830742916385e-01 6.224837378674211164e-02 3.641291349893028412e-02
6.287217324915950201e-01 7.410246302178422062e-02 4.658982893295052913e-02
5.664414713295119475e-01 1.221255425476462930e-01 6.917697200760368481e-02
5.620153977527025946e-01 1.216499508935391383e-01 6.836914553802914130e-02
5.879127542421413999e-01 5.776416440490937665e-02 3.396028899178613752e-02
5.993929767425291155e-01 6.005966393276891691e-02 3.599934074681827162e-02
5.783482606855925301e-01 1.095261750491091923e-01 6.334427283919803753e-02
5.920883824873738321e-01 5.933208699398900832e-02 3.512983941787110181e-02
