6.493819833799101271e-02 9.010129310897188049e-01 5.851015642419878787e-02
7.970256946540569265e-01 2.863143457088035415e-02 2.281998902779809602e-02
1.800206367977192912e-01 7.038298169366909995e-01 1.267038918421652949e-01
6.408930575231419624e-01 1.061255308088030480e-01 6.801511592132018780e-02
7.970588760305962195e-01 2.857351441106532192e-02 2.277477328072776905e-02
8.061642805436249892e-01 2.632031618690833241e-02 2.121849876249968375e-02
6.591217365128111405e-01 8.139443928125142391e-02 5.364884416154500762e-02
8.135586973126258670e-01 2.240246665308109203e-02 1.822572158687019508e-02
7.830439403301093781e-01 2.362212847469342264e-02 1.849716455980801241e-02
7.402457431987273795e-01 5.483171349285244356e-02 4.058894250537624371e-02
