3.075891305200634598e-03 9.885900006069753276e-01 3.040795387275285408e-03
6.217607444124907401e-01 4.902355932953329776e-02 3.048092474248052797e-02
6.171992611006408280e-01 5.240764693195939378e-02 3.234596096242860208e-02
6.331540786367382267e-01 4.638147661281671885e-02 2.936662109059939157e-02
6.113107001003278418e-01 5.384287699599223098e-02 3.291472683183584852e-02
6.240887934286724059e-01 4.818885406494315821e-02 3.007412379010074993e-02
6.310576896252314549e-01 4.695200125878498665e-02 2.962942143764981176e-02
6.240887934286724059e-01 4.818885406494315821e-02 3.007412379010074993e-02
6.304861009589124432e-01 4.804018418573087479e-02 3.028866841660946690e-02
6.086221024831151016e-01 5.307257609302935830e-02 3.230114284593463975e-02
