6.050693435381514496e-01 5.896068536681392525e-02 3.567530318945759393e-02
5.904832512136032330e-01 6.410319701623912181e-02 3.785186418733502839e-02
2.901519274243897963e-03 9.884578819317441090e-01 2.868029596203254539e-03
5.352199045448895465e-01 7.667580552249771142e-02 4.103841731265373688e-02
6.114367929734830787e-01 5.499796798698033951e-02 3.362778116601754935e-02
5.574862559247086846e-01 6.909857326905824437e-02 3.852150490150643702e-02
5.316386499563164891e-01 7.694830967736850103e-02 4.090869547329675088e-02
5.872891579165955278e-01 6.255579784832425438e-02 3.673834184114312812e-02
3.796634633068887363e-03 9.877450404528728134e-01 3.750107029225405869e-03
5.326980954002237256e-01 7.843069207352222627e-02 4.177988028848671209e-02
