3.072877775903914421e-01 3.498515548878419201e-01 1.075051067880277988e-01
3.024530770509006317e-01 3.611598555422171342e-01 1.092339096160023365e-01
3.042103501153108347e-01 3.503967238174908738e-01 1.065943100317767733e-01
3.089490315036532708e-01 3.455383035673541547e-01 1.067537242345494020e-01
6.291620237643537061e-01 5.708020344497526100e-02 3.591269631632167114e-02
2.866402576108415534e-01 4.983019898908674916e-01 1.428334107503132222e-01
6.773216371527335244e-01 6.468909981771099604e-02 4.381532699446860635e-02
6.773216371527335244e-01 6.468909981771099604e-02 4.381532699446860635e-02
6.773216371527335244e-01 6.468909981771099604e-02 4.381532699446860635e-02
3.010136453804641565e-01 3.642251368956305191e-01 1.096367361961523429e-01
