5.768866369249801007e-01 6.638645103258383751e-02 3.829745647357216121e-02
6.860526277195097000e-01 3.659579487115524610e-02 2.510664123484021223e-02
6.707252891815734808e-01 3.807718911998002331e-02 2.553933368372006407e-02
6.123159168823911758e-01 5.247818889146700638e-02 3.213323034740593609e-02
3.224225360610752898e-03 9.883933271189019321e-01 3.186802831555203466e-03
6.616350223699922761e-01 4.884011579501390532e-02 3.231433110658703950e-02
6.352330759161483043e-01 4.972053168810856155e-02 3.158412628042352177e-02
3.654350086978997141e-03 9.880295256086066846e-01 3.610605782845629271e-03
5.460168672877140361e-01 7.359278547866676679e-02 4.018290218203839775e-02
6.525630833016602406e-01 4.260566127631375266e-02 2.780288168857745004e-02
