0.000000000000000000e+00 9.916666666666669183e-01 0.000000000000000000e+00
5.200089927143777269e-01 1.570611079146575217e-01 8.167318852130524276e-02
3.731132567929547061e-01 2.670827577604832914e-01 9.965211758125772090e-02
3.827690020561580475e-01 2.640116067213176265e-01 1.010554592359616116e-01
5.292011265535855324e-01 1.474217163326750069e-01 7.801573836171472875e-02
5.229621222719685880e-01 1.206704457515832413e-01 6.310607240575243082e-02
3.713406015666790294e-01 2.664856325232026757e-01 9.895693509004305222e-02
3.500061384392776022e-04 9.913629998934547771e-01 3.469831353842860655e-04
3.713406015666790294e-01 2.664856325232026757e-01 9.895693509004305222e-02
4.219581507435839485e-01 2.506273105726814499e-01 1.057542364950865565e-01
