4.139055415757805778e-01 1.454346511024235400e-01 6.019620802843331231e-02
4.398793305720324343e-01 1.159086391507194169e-01 5.098581459713372871e-02
4.123797334859151120e-01 1.447344088276276697e-01 5.968553693857858028e-02
4.390908877634063789e-01 1.160463196204024883e-01 5.095488150379853115e-02
4.417381050524393227e-01 1.154824999071066560e-01 5.101302067568379284e-02
4.099877430477739670e-01 1.465872618879343614e-01 6.009898066098718489e-02
4.123160596205230899e-01 1.450569883610210997e-01 5.980932586143630075e-02
4.404947515126202418e-01 1.157484708844273291e-01 5.098659392020157832e-02
4.116653222072737539e-01 1.454295092683336454e-01 5.986828579139427675e-02
4.107186304294224710e-01 1.464721229716202666e-01 6.015882974299382319e-02
