3.007149903687503234e-01 2.377455155912400753e-01 7.149364043123333790e-02
4.743660067006508761e-04 9.912358488396957323e-01 4.702085913126164470e-04
3.007370596652120254e-01 2.378138787447071356e-01 7.151944664126248796e-02
4.743660067006508761e-04 9.912358488396957323e-01 4.702085913126164470e-04
3.016634799616695339e-01 2.376342965381569305e-01 7.168558885194373231e-02
3.029041288890080286e-01 2.373122635904278410e-01 7.188286447753720887e-02
2.998595007907032817e-01 2.379948740098006277e-01 7.136502411132514267e-02
3.025094353620210175e-01 2.371426346794563156e-01 7.173788451714435688e-02
3.031899498814064065e-01 2.370648855166870572e-01 7.187569075844570110e-02
6.324858541472841650e-04 9.910922635259638014e-01 6.268518368349844383e-04
