3.651196711228886227e-01 2.913676255919634417e-01 1.063840516319946444e-01
3.853284059411294371e-01 2.715716591302252403e-01 1.046442745114374573e-01
3.750203714010510447e-01 2.846964184834700484e-01 1.067669565962199862e-01
3.525408208170277002e-01 3.190699959012392450e-01 1.124851982531085426e-01
3.555564810470506210e-01 3.053375249418570081e-01 1.085647358999427270e-01
3.752037985662076136e-01 2.773415866814817887e-01 1.040596168232710977e-01
3.736718963583623432e-01 2.858635589769754071e-01 1.068191781826769576e-01
3.673270617119987480e-01 2.874911957151471409e-01 1.056032961901141598e-01
3.384944876861888385e-01 3.646161416325701676e-01 1.234205540640317122e-01
3.435832259826813173e-01 3.609672114481560778e-01 1.240222789833301253e-01
