2.409909395445355984e-01 4.896240307797907754e-01 1.179949552012043990e-01
3.613395797418760269e-01 2.864179055048905465e-01 1.034941256056855080e-01
3.990889561545801767e-01 2.678344726928335584e-01 1.068897801291953525e-01
2.475972916836554627e-01 4.883541461438864473e-01 1.209151639677103623e-01
3.483716901464535276e-01 3.088031013157080951e-01 1.075782583278197535e-01
4.892728150662834508e-01 1.765159720732964455e-01 8.636446656046323223e-02
2.483829572786466489e-01 4.879924978919238931e-01 1.212090197561897925e-01
3.601936017507489374e-01 2.865363561932499081e-01 1.032085621697822059e-01
3.576967133242398567e-01 2.884344606672363809e-01 1.031720585901201859e-01
3.571399875499222665e-01 2.923921729025835137e-01 1.044249369901233959e-01
