3.089808206386946976e-01 3.911748474965450195e-01 1.208655253926987222e-01
3.865422917737593167e-01 2.621213267776518197e-01 1.013209783754119991e-01
3.235335421269673883e-01 3.326950158803124724e-01 1.076379969357451616e-01
3.263494544574986334e-01 3.292550444065185378e-01 1.074522041194468092e-01
3.884579064232309698e-01 2.642393840559993379e-01 1.026458779249575792e-01
3.900414820086476331e-01 2.604747537576428962e-01 1.015959589814686009e-01
3.961150171433785450e-01 2.730734064653745907e-01 1.081684770834326348e-01
3.883965737827168030e-01 2.917120365225259193e-01 1.132999555165278144e-01
3.253133941562721398e-01 3.282229239016200562e-01 1.067753134143318433e-01
3.126771480319877616e-01 3.689746022823703342e-01 1.153699263378885204e-01
