5.505432254161348737e-01 7.953403652934197543e-02 4.378692500122862569e-02
5.575808577382843634e-01 7.711062382523577174e-02 4.299540777320914886e-02
5.588500244965090014e-01 7.871227860756888073e-02 4.398835882801591102e-02
2.633120531883961866e-03 9.890888498413187291e-01 2.604390158374669112e-03
5.491366813470944797e-01 7.809075845403909422e-02 4.288249994132858900e-02
5.625123321407948795e-01 7.767025138754027336e-02 4.369047424596708695e-02
5.789296938257049163e-01 7.368856606393560382e-02 4.266049898984947131e-02
5.510556083873778821e-01 7.964166923704840695e-02 4.388698849440803018e-02
5.547597739969978292e-01 7.749917052837418385e-02 4.299342232727565438e-02
5.690762213019999738e-01 7.670666058486919070e-02 4.365193655433241560e-02
