5.466523794605419040e-01 9.841040007355267294e-02 5.379627936387145620e-02
1.724409087020498388e-01 7.096970571165671648e-01 1.223808054323514138e-01
4.137899513496992761e-03 9.874326476566260835e-01 4.085897072349400569e-03
3.470659925748039928e-03 9.882015641138007789e-01 3.429711567131300907e-03
5.467624690343243499e-01 9.857544474519894240e-02 5.389735355504159109e-02
5.707217232803653006e-01 9.221050429423791051e-02 5.262653791535898407e-02
5.806988263578960474e-01 9.092292375770094637e-02 5.279883511512540456e-02
5.506488238200454299e-01 9.704053161986558873e-02 5.343525459935091759e-02
5.724184246411117005e-01 9.358172355651590835e-02 5.356790277342084877e-02
5.534355478718164800e-01 9.693805120316091595e-02 5.364896347724756182e-02
