6.287523494389870571e-01 4.809139299893303021e-02 3.023757633587279697e-02
6.107013628147789364e-01 5.007229154019438022e-02 3.057921668285563249e-02
6.065051999216781731e-01 5.553447588340833241e-02 3.368194839821218867e-02
6.363550550502583558e-01 4.532379079365283364e-02 2.884202338558134252e-02
6.038737198746391144e-01 5.529258625909234254e-02 3.338973974576744941e-02
6.309433547889561344e-01 4.696206940092428894e-02 2.963040561565095585e-02
2.508278826289252802e-03 9.893184141586333080e-01 2.481486430692161817e-03
6.285861722222993997e-01 4.784344325028024036e-02 3.007372685862846201e-02
6.283509908449579351e-01 4.694483519805778271e-02 2.949783371175286606e-02
6.059885635589365993e-01 5.296139071744278976e-02 3.209399708494675707e-02
