4.797803837178583053e-01 1.745296886807024550e-01 8.373592100538577998e-02
4.745768328465816421e-01 1.779949421006905008e-01 8.447227588485636818e-02
3.301242582370607082e-01 3.241640597735343521e-01 1.070144197798522379e-01
4.772372848722096217e-01 1.766602527953264334e-01 8.430885938887976161e-02
3.305366711756270726e-01 3.192738563157083709e-01 1.055317176599997048e-01
3.322985906690589797e-01 3.116206417136431206e-01 1.035511000648313834e-01
4.746364499318482810e-01 1.730011825917434909e-01 8.211266713935659600e-02
3.284432837293673746e-01 3.359803456609670169e-01 1.103504879974159109e-01
3.290587590939282880e-01 3.315416550069044122e-01 1.090966855845192374e-01
3.288132097693999834e-01 3.269293928704232743e-01 1.074987030376850644e-01
