1.025510885233280002e-03 9.906596070957095490e-01 1.015932210637574429e-03
3.050878836226975088e-01 2.358554671856049056e-01 7.195664532449877471e-02
3.047526259103557900e-01 2.363481698768223893e-01 7.202772539906847349e-02
3.044155375561195531e-01 2.362091004853021370e-01 7.190572029988070990e-02
3.032330999865971988e-01 2.366699794934350454e-01 7.176617155555869987e-02
3.036993369851083147e-01 2.365641732552071774e-01 7.184438257203670797e-02
3.056421620138722872e-01 2.356432851346064450e-01 7.202252313259248362e-02
1.025510885233280002e-03 9.906596070957095490e-01 1.015932210637574429e-03
3.045555855393801692e-01 2.362783400378901388e-01 7.195988820051239798e-02
3.048462826270223469e-01 2.364173990735096154e-01 7.207096525590864222e-02
