3.483322033534557161e-01 4.296770194185743352e-01 1.496703429044175804e-01
5.294488856878308836e-01 1.050725378421756007e-01 5.563053807693231489e-02
5.537563976228674356e-01 9.696385730370264688e-02 5.369435632011614057e-02
5.446790401498080580e-01 9.746600006062765276e-02 5.308768736026380636e-02
3.273042044909386106e-01 4.409267293251829534e-01 1.443171723805704298e-01
6.124524375392375042e-01 5.748038504855761816e-02 3.520400193368305314e-02
5.227006421824560434e-01 1.186059821936907427e-01 6.199542305932309594e-02
5.898220144890942152e-01 6.766568536002805223e-02 3.991071085083695846e-02
5.104819033428088515e-01 1.115259574986884467e-01 5.693198305605968318e-02
5.809039430913782720e-01 7.140535815952990528e-02 4.147965411272304392e-02
