3.725608218672241123e-01 2.811925517705421429e-01 1.047613281905751398e-01
3.662751166061070651e-01 2.923307051919558086e-01 1.070734631317291213e-01
3.687393017027761344e-01 2.822017136562532391e-01 1.040588628329335991e-01
2.882620112019531611e-01 4.255005691344328489e-01 1.226556498262673239e-01
3.673201507611432159e-01 2.818452632166777994e-01 1.035274445760641787e-01
3.714279409499713358e-01 2.864911735474314769e-01 1.064108266910633732e-01
3.647359555005833531e-01 2.921927538792179480e-01 1.065732032764833415e-01
3.075566315269520068e-01 3.452950022801773988e-01 1.061977677843825713e-01
3.714778416508873193e-01 2.966821400013928689e-01 1.102108410240838082e-01
3.690020847104373836e-01 3.057177605561840483e-01 1.128104909782382398e-01
