9.286351878644258026e-03 9.809332662731365948e-01 9.109291480080189407e-03
3.949175427319229770e-01 2.482942759168423330e-01 9.805576531948145824e-02
3.901463523671781508e-01 2.453739945108685538e-01 9.573176892417936679e-02
3.865742408777895212e-01 2.453790810504188069e-01 9.485723198435523640e-02
3.830139182098876716e-01 2.522908965803534187e-01 9.663092482792672022e-02
3.455691343280001531e-03 9.882859739187026538e-01 3.415211284755905949e-03
3.864278887910007620e-01 2.455083857019870752e-01 9.487128716730558464e-02
8.448262468759874452e-03 9.823042374842706481e-01 8.298764022442150709e-03
3.038987369552518733e-03 9.887141553649350101e-01 3.004689830251824380e-03
3.823774470014216220e-01 2.466547495025490366e-01 9.431521340555987232e-02
