3.528952526238824383e-01 2.098484451962391861e-01 7.405452008025577293e-02
9.148361182985760912e-03 9.804475232910766502e-01 8.969488064030613564e-03
4.376571158893476365e-01 1.161382811306625462e-01 5.082874516399201598e-02
4.381799774677986870e-01 1.160486137273138013e-01 5.085017894820363649e-02
4.380176883267277166e-01 1.160665065365826532e-01 5.083918288531296542e-02
2.925631313197189498e-01 3.041239182704948418e-01 8.897544583843824961e-02
4.387158199117898727e-01 1.159238307406864482e-01 5.085761845071580523e-02
9.148361182985760912e-03 9.804475232910766502e-01 8.969488064030613564e-03
4.450131487807503124e-03 9.869795849233859997e-01 4.392188928690739756e-03
4.098122295358962164e-03 9.874835166166338052e-01 4.046828215746099515e-03
