3.549051667516299746e-01 2.999998056571835936e-01 1.064714810522193328e-01
3.612434538850005095e-01 2.878839132737801565e-01 1.039961791489502907e-01
3.941441523044768580e-01 2.734880644789973170e-01 1.077937213394665056e-01
3.564490903809108824e-01 3.077922941723848504e-01 1.097122832840003170e-01
3.448932332628024122e-01 3.243012124912343919e-01 1.118492937271489546e-01
3.622167253160022971e-01 2.872503212001478734e-01 1.040468706910873953e-01
3.562404508787979651e-01 2.882313847414187391e-01 1.026796784577033023e-01
3.611414071553237792e-01 2.950500690543976789e-01 1.065547971195806298e-01
3.567499371286731447e-01 3.266546865099970165e-01 1.165340388752278689e-01
3.940981335818798947e-01 2.734898612968863496e-01 1.077818438906701232e-01
