5.507514880989118344e-01 7.542152115227958309e-02 4.153851500930153678e-02
5.642504755482123935e-01 7.307134479505625335e-02 4.123054104955788807e-02
5.625063871303995766e-01 7.346003906031475794e-02 4.132174117027568455e-02
5.602469049057154926e-01 7.367928813355313633e-02 4.127859313247955741e-02
5.623907611661267403e-01 7.321458523727517043e-02 4.117520632005344794e-02
5.609971367349465554e-01 7.308621281925656299e-02 4.100115612640387736e-02
5.630824758258655693e-01 7.093418916888132031e-02 3.994179885791399043e-02
5.587438779580212733e-01 7.383584237146258167e-02 4.125532489892818483e-02
1.490650249900927473e-03 9.903065338701831921e-01 1.476200682192109872e-03
1.197967125066292694e-03 9.904577283053639380e-01 1.186535797277667994e-03
