3.033175728618268674e-01 3.699056808842647870e-01 1.121988933136166683e-01
3.032749914504943578e-01 3.536996821023934423e-01 1.072682680656459470e-01
3.156973720883924917e-01 3.274111544937369223e-01 1.033628410660994285e-01
3.005461931884875759e-01 3.999033232304528007e-01 1.201894214403378541e-01
3.018578637932659015e-01 3.968998767380200743e-01 1.198073489319492896e-01
4.717899094383570628e-03 9.867487182373464449e-01 4.655380884156125679e-03
4.286284365902174320e-01 2.367447536970730682e-01 1.014755336481125286e-01
4.287375971056614499e-01 2.341304672748006910e-01 1.003805339486237569e-01
3.091009884265038532e-01 3.693756760077319679e-01 1.141743865546979986e-01
2.876534641773472734e-01 3.980448423833313210e-01 1.144989778094914340e-01
