2.970346616481236435e-01 4.706332598613696683e-01 1.397943911032753783e-01
2.920399120339791654e-01 4.702061077724113969e-01 1.373189503516947518e-01
4.840430973288271654e-01 1.495159209605590178e-01 7.237214948172110418e-02
6.812402443535414687e-01 3.510371468728978178e-02 2.391406317128629347e-02
6.211689566686020569e-01 8.147118323176612276e-02 5.060736988663266933e-02
6.219053598486102841e-01 6.984246959880405226e-02 4.343540618855985802e-02
2.881375410805755988e-01 4.755470434472671148e-01 1.370229557670331888e-01
4.909071090248569580e-01 1.307072084645325150e-01 6.416509783603296935e-02
3.009616198160111611e-01 4.649171773575840327e-01 1.399222267778262307e-01
4.789011502163774137e-01 1.842585943868751408e-01 8.824165278912744770e-02
