3.407109122781789012e-01 3.686251547628318637e-01 1.255946127679293256e-01
6.117587358071741033e-01 8.050287948261986015e-02 4.924833978112481969e-02
2.374790054018323937e-01 5.767237178166185751e-01 1.369597748987376185e-01
2.146454263009837382e-01 5.805582815520998752e-01 1.246141798363170211e-01
6.560075766642653461e-01 4.408043926238647964e-02 2.891710213881449124e-02
9.650643573298092748e-02 8.469836138582018670e-01 8.173936969769449168e-02
4.540848061514005107e-01 1.570210063382350141e-01 7.130085322479527699e-02
1.897404921122999855e-01 6.648888452082851730e-01 1.261563366897988925e-01
5.522218184831327870e-01 9.035924881013873700e-02 4.989834869470466394e-02
5.231544131954076748e-01 1.626393331778311357e-01 8.508548491114065193e-02
