5.425133569379795295e-01 1.449181198533475157e-01 7.862001568278001451e-02
2.476997171503685369e-01 5.895957173918050520e-01 1.460426924310187224e-01
5.422539901092782166e-01 1.452738517339699220e-01 7.877532576128887243e-02
1.074103341087002395e-01 8.508555845409978557e-01 9.139068261380202396e-02
6.547827220351467581e-01 4.512976022953280736e-02 2.955018724788700119e-02
1.116937696615468434e-01 8.459708621278462237e-01 9.448967461488785857e-02
1.145508220372258301e-01 8.421375682793950102e-01 9.646755071483509303e-02
1.095547879891734383e-01 8.477549734586150576e-01 9.287561638402593023e-02
1.068239125057492966e-01 8.514501902002867828e-01 9.095524062095902695e-02
1.078083774343442935e-01 8.505563556195402386e-01 9.169710061581176630e-02
