5.549189731702928174e-01 8.628838584479847640e-02 4.788306246951760242e-02
4.730460916300868734e-01 1.112692996268051931e-01 5.263550730687727858e-02
5.150812579104014910e-01 9.409508693332990781e-02 4.846661574080814855e-02
4.762325710719179095e-01 1.085849498376456057e-01 5.171168984089720422e-02
2.693120107781667438e-01 3.644021018999917816e-01 9.813786279447719862e-02
5.915431308418592771e-01 6.096683338449801481e-02 3.606451149777994275e-02
5.249007724654237705e-01 9.163428982756545438e-02 4.809890951480962767e-02
4.956684054594165389e-01 1.042473803009948269e-01 5.167213276711549869e-02
5.357166205404091386e-01 8.890064004598979830e-02 4.762555044931701675e-02
5.446440625222617182e-01 8.887737453014310507e-02 4.840653433040973536e-02
