3.313000874435724774e-01 4.116886912297372247e-01 1.363924994039418526e-01
6.272939959887394723e-01 8.131042794907200610e-02 5.100554326372786634e-02
6.661768954814818455e-01 4.041570840754962757e-02 2.692401115562623529e-02
5.517851168648512106e-01 8.398598746401216009e-02 4.634221790783987771e-02
4.757081688481368253e-01 1.550907061667798348e-01 7.377791583596327030e-02
2.569813124287121386e-01 5.686747661219588856e-01 1.461387877431119253e-01
3.371053077439934431e-01 3.869475262430657203e-01 1.304420649149456435e-01
5.316899721585844896e-01 1.456696386422525746e-01 7.745108611405034094e-02
3.371011601248250500e-01 4.095566260162107897e-01 1.380620137668737701e-01
5.905292016814586153e-01 1.217945976162991828e-01 7.192326649946763351e-02
