4.231182571624305111e-01 2.374252550890902369e-01 1.004589601396413401e-01
4.167231535527151642e-01 2.218806256665872279e-01 9.246279404002974434e-02
4.170645179759783772e-01 2.226041507910039019e-01 9.284029284910204349e-02
3.033578573288092106e-01 3.493658956984406205e-01 1.059828895428391871e-01
3.038851724174497226e-01 3.492739429627127468e-01 1.061391723781464624e-01
3.108005183171484997e-01 3.402454552716875913e-01 1.057484638534946647e-01
3.020682434510685299e-01 3.553424749408606864e-01 1.073376772289411224e-01
3.257545050461200242e-01 3.303178089613859059e-01 1.076025143661350908e-01
3.756976905365546626e-01 2.914234155294945228e-01 1.094871041827058106e-01
3.014053919417170047e-01 3.665554084465377782e-01 1.104817765511848793e-01
