4.001846498710315281e-01 2.408026661175534655e-01 9.636553062826404281e-02
2.255007379518816357e-01 5.746149070685141469e-01 1.295760855821018187e-01
3.986739238506371019e-01 2.383325776792160344e-01 9.501698392480982525e-02
3.833349744677669313e-01 3.280125499551823087e-01 1.257386824621769261e-01
4.037028461706124727e-01 2.397046722431405708e-01 9.676945842494966143e-02
4.112441217316065156e-01 2.387880120823183405e-01 9.820016630882924535e-02
4.035069954613598742e-01 2.372782215871834244e-01 9.574342228105917063e-02
4.054013643076833651e-01 2.398689951720354152e-01 9.724321789785626835e-02
2.258792927754988689e-01 5.735695449033448856e-01 1.295574831603322763e-01
3.998305785633739506e-01 2.391068656229776157e-01 9.560223642051005055e-02
