3.379102815774306379e-01 3.136792903116618625e-01 1.059954573142222745e-01
4.945700134884855603e-01 1.910045877965916850e-01 9.446514156292297459e-02
3.363548724720889505e-01 3.242395652350710256e-01 1.090595576150478752e-01
4.964678712575900099e-01 1.663402515583764785e-01 8.258259059563918814e-02
3.381383080221068704e-01 3.110474136290523606e-01 1.051770461591801931e-01
3.309938051461363551e-01 3.273335102095510374e-01 1.083453640961009740e-01
3.340181740255660503e-01 3.253064432472085876e-01 1.086582641721840492e-01
3.351711543881590871e-01 3.260804141673175893e-01 1.092927488398288682e-01
4.759940901057349572e-01 1.757486227658126288e-01 8.365530578074903412e-02
4.736390105882141155e-01 1.702581584708840468e-01 8.064090572272088198e-02
