2.911703723106514596e-01 3.275253717113000285e-01 9.536568442236374732e-02
2.909549695164590499e-01 3.341893323481015532e-01 9.723404700606769202e-02
2.900327021198759181e-01 3.351808444468599157e-01 9.721340601374459101e-02
4.013876599332073525e-01 2.235814513940168058e-01 8.974283557951454049e-02
3.833669439976223892e-01 2.591938041988508523e-01 9.936633661883155499e-02
2.791828155833649405e-01 3.753724862000287765e-01 1.047975475898518388e-01
3.642817361575816926e-01 2.708645421511015616e-01 9.867100567833174407e-02
2.823630502961498312e-01 3.587028218230421395e-01 1.012844229197905205e-01
2.773753270507553492e-01 3.759984385186448952e-01 1.042926898546824577e-01
2.725080824155374226e-01 3.971272372164863507e-01 1.082203818888449465e-01
