4.176161731280552125e-01 3.006211119119142627e-01 1.255442383181544497e-01
3.753032104025877391e-01 3.542743891974456383e-01 1.329603156292172017e-01
3.029221281438977398e-01 4.574662353768454981e-01 1.385766455743312753e-01
6.092871007870752642e-01 9.893060861028289688e-02 6.027714369926013421e-02
3.475404979558914254e-01 3.955610674213859146e-01 1.374734903435924083e-01
3.417042399176049017e-01 4.136736078395186200e-01 1.413540257407760736e-01
3.817684706210500711e-01 3.503162515723169390e-01 1.337396995964624524e-01
6.636224422404213286e-01 4.185928315668628608e-02 2.777875971887348514e-02
6.262688577681954083e-01 9.232721988811598557e-02 5.782166254024341534e-02
5.562747544724171433e-01 1.206517208814632813e-01 6.711550641001058637e-02
