5.629856684744009680e-03 9.857464997047818978e-01 5.549611520825975530e-03
5.818018367658515100e-01 7.778950907557893868e-02 4.525807926128570108e-02
6.288386672102454396e-03 9.847878332019585068e-01 6.192726685155850418e-03
5.612590571458481170e-01 7.649614364773769937e-02 4.293415345902262120e-02
5.711411824651888569e-01 7.503992462871522662e-02 4.285839128454306535e-02
5.565534598797038379e-01 1.037033156580124127e-01 5.771643913046387714e-02
5.709249432765814980e-01 7.503483641766711676e-02 4.283925972552417305e-02
5.738027003087101674e-01 8.772932421839170491e-02 5.033932313277148657e-02
5.641730399697930665e-01 7.628472333908295488e-02 4.303778426946505697e-02
5.630970253915099644e-01 7.620645740187069472e-02 4.291162947861820731e-02
