3.085160306836788879e-01 2.995611291556846689e-01 9.241941051423270548e-02
4.446485118173365003e-01 1.148298089595942983e-01 5.105890366615265658e-02
4.225596780129604046e-01 1.417239707484128641e-01 5.988683544616756060e-02
4.452837518683829265e-01 1.147046430007387374e-01 5.107611379209239105e-02
4.466424869936911901e-01 1.144193118516059759e-01 5.110452600550801500e-02
4.467648940507205624e-01 1.142418749317700433e-01 5.103925915004791508e-02
4.588419827302934184e-01 1.113025476422627169e-01 5.107028164310876972e-02
4.450122430489411030e-01 1.147469549967431307e-01 5.106379982613656193e-02
4.481260176146523166e-01 1.139935307255110775e-01 5.108346695785678793e-02
4.238281128178269519e-01 1.414674294432495261e-01 5.995787364612153308e-02
