5.772346038450270056e-01 7.164675072355000673e-02 4.135698377069178810e-02
1.505015725266450055e-01 7.254368154815858949e-01 1.091793814987002953e-01
5.686446327264456091e-01 7.159039604919623101e-02 4.070949446813597328e-02
5.710960698888687403e-01 7.083064329811850079e-02 4.045110201525581317e-02
5.936374622419636760e-01 6.589390551279253327e-02 3.911709084582590257e-02
5.823937554282430096e-01 6.957343693062655043e-02 4.051913521207761021e-02
5.687638253201880989e-01 7.034773798818549917e-02 4.001124856078269731e-02
5.975787887317216551e-01 1.104493696233855710e-01 6.600220051572495972e-02
5.717947381016689201e-01 7.107710660651403445e-02 4.064151555709609454e-02
5.791370572161760322e-01 7.244004970260441156e-02 4.195271720935984938e-02
