8.687568923123169598e-03 9.818962192905413833e-01 8.530291080440640869e-03
4.392011389195323856e-01 1.158610970013465302e-01 5.088632575945781222e-02
7.272883237437577364e-03 9.844739902869591441e-01 7.159964381651309946e-03
2.218724612387962866e-03 9.896499703570633688e-01 2.195760746880234468e-03
4.391850821562878204e-01 1.158610736316736389e-01 5.088445514164229716e-02
4.636065326084619354e-03 9.870604288353935774e-01 4.576076628873983372e-03
4.393604171759086241e-01 1.157810636615479727e-01 5.086961643140815170e-02
4.394464818064317546e-01 1.157898402720378694e-01 5.088343793647572694e-02
2.089380098661447124e-03 9.897939405252915712e-01 2.068055761109236033e-03
5.264194833030776122e-03 9.864135692726164750e-01 5.192673214596352921e-03
