5.495029567681426474e-01 7.237064057583665611e-02 3.976788097962676016e-02
5.709960905445301549e-01 6.475599083111759080e-02 3.697541760390558180e-02
5.537589981044611642e-01 7.187519711315254467e-02 3.980153714194001324e-02
1.806148892291504701e-02 9.662390387306388773e-01 1.745171569492151575e-02
1.505573940052432405e-02 9.735364220445431593e-01 1.465731066722150526e-02
5.499755094377568598e-01 7.262872750033649849e-02 3.994402140681358598e-02
5.705883539870595378e-01 6.495467476977881405e-02 3.706238096065287563e-02
5.719111819827651377e-01 6.451437754009643755e-02 3.689649391383890975e-02
1.291188912284018699e-02 9.764222344208934867e-01 1.260745562791844646e-02
5.716163307580974795e-01 6.460048100810436567e-02 3.692668991906077752e-02
