3.473333109534579299e-01 3.095893663541295360e-01 1.075306996517628871e-01
2.396363796647967281e-01 4.323188026779349880e-01 1.035993127347599740e-01
3.563273763539766548e-01 2.780359125333640158e-01 9.907180724519733250e-02
3.348911702173809068e-01 2.944657573190621047e-01 9.861398205752799906e-02
3.448298255682060720e-01 3.210361268658516454e-01 1.107028316282440972e-01
3.191750804004170883e-01 2.909089771615234743e-01 9.285089617473235579e-02
2.432633572231516772e-01 4.191844761407967912e-01 1.019722229618383463e-01
3.370045201524960454e-01 2.881916832673284135e-01 9.712189993144614009e-02
2.523389233884582028e-01 3.803476669051947257e-01 9.597652078016874477e-02
3.366125158884512580e-01 2.883579692144530027e-01 9.706490149376159615e-02
