5.225842174234791582e-01 8.357324704456857434e-02 4.367405990432496332e-02
3.320892454127938320e-01 2.313042121518790739e-01 7.681364127431829225e-02
4.541466036349309232e-01 1.225325738689050509e-01 5.564775225720951929e-02
4.544328465947367057e-01 1.224823809463407853e-01 5.566001703114658444e-02
5.269456301854905655e-01 8.245336738222927564e-02 4.344844163614457883e-02
5.097260969402747088e-01 9.450026625575592976e-02 4.816925187836321870e-02
5.275183376581524808e-01 8.234828239220719215e-02 4.344022903654124607e-02
4.413326641170027265e-01 1.320694787679899396e-01 5.828657491322093015e-02
4.748160966468287780e-01 1.100116507672395522e-01 5.223530260297479244e-02
4.397703753233470070e-01 1.328531602185424876e-01 5.842488413220118387e-02
