3.969166397268096558e-02 9.449001720051183328e-01 3.750466011495560276e-02
1.430828315404603646e-01 7.452761771218930908e-01 1.066362257022501342e-01
5.796367065591468970e-01 8.449678605345199711e-02 4.897743878285577140e-02
6.641097531513588947e-01 3.870468908203686387e-02 2.570416151207159661e-02
3.898388205628570274e-02 9.459904551528366401e-01 3.687838033005021166e-02
1.432052286382777539e-01 7.459379080407111395e-01 1.068222086709286478e-01
4.188674454531685076e-02 9.430224180577673199e-01 3.950013912569268898e-02
3.162446325094559474e-01 4.265506888398613028e-01 1.348943658388172262e-01
6.193625179806765413e-01 6.400729010393670093e-02 3.964371636789387754e-02
4.285976178837033052e-02 9.416200568445366459e-01 4.035761133150857216e-02
