6.259152379627638263e-01 7.765210228341679066e-02 4.860363407903369598e-02
3.597078677476577696e-02 9.498823030379829335e-01 3.416801378370273173e-02
6.061191002434929143e-01 8.512191664909218858e-02 5.159401953034935956e-02
6.530179799175036548e-01 4.547639547649848929e-02 2.969690390799254592e-02
1.436418178367165066e-01 7.453082593780986365e-01 1.070574332257891031e-01
3.336055936371842834e-02 9.510037235600087291e-01 3.172601617494093945e-02
3.481208087843025434e-02 9.512818860252247877e-01 3.311610195449579686e-02
4.213709039506607218e-02 9.418265327887709315e-01 3.968582974859210383e-02
4.103663546259415928e-02 9.412395294737576634e-01 3.862530345399824150e-02
2.808917818810082179e-01 4.402769304817815144e-01 1.236701715241283889e-01
