3.080270729485768966e-01 4.496790268040102290e-01 1.385133143928039268e-01
3.080570049134280231e-01 4.496427449759061723e-01 1.385155972983299899e-01
3.759031118954147543e-01 2.747372482099182944e-01 1.032745865556912584e-01
2.634542089740797843e-01 5.542733696290035317e-01 1.460256521510068517e-01
3.547997677974978337e-01 2.999052857611576584e-01 1.064063257493009645e-01
3.936196985716155505e-01 2.549191708500305742e-01 1.003412071901152031e-01
3.709365505646238792e-01 2.799020016726692095e-01 1.038258829965934965e-01
3.811217103076782742e-01 2.717013319985039921e-01 1.035512763441441553e-01
3.763390106535364210e-01 2.754908938028616250e-01 1.036779704178274059e-01
3.877320896545545792e-01 2.665648848053104314e-01 1.033557598140886352e-01
