5.991593213061841006e-01 1.496195603138991970e-01 8.964595421180551749e-02
4.525104597997742784e-01 1.979581174896105633e-01 8.957811876632142123e-02
2.327722093571266970e-01 5.529614176318068397e-01 1.287140508714045006e-01
6.274769718538334429e-01 1.276686217879882679e-01 8.010912020027921576e-02
5.687326252962807693e-01 1.505990004701261431e-01 8.565056490437066017e-02
7.258901351858944029e-01 4.807771485862566418e-02 3.489913893815666662e-02
4.966205012668082897e-01 1.789232636568166279e-01 8.885696088554156935e-02
1.859011430672857235e-01 6.843433836048525842e-01 1.272202172626760996e-01
4.822784782013071481e-01 1.863495780822405079e-01 8.987239093095861220e-02
4.821885383288595506e-01 1.868871055698301253e-01 9.011482026722765493e-02
