9.094922241136702001e-02 8.356389152566301437e-01 7.600070955926872818e-02
3.654593152318577065e-01 3.142157982437233654e-01 1.148330904611827019e-01
3.728427680970213265e-01 3.058777052990879208e-01 1.140442903428768723e-01
3.717429473583741539e-01 2.710294033090620003e-01 1.007532692068921903e-01
3.785525228909628614e-01 2.638397762214979014e-01 9.987721292763510061e-02
4.310055189979535850e-01 2.012973988101976475e-01 8.676028984712727543e-02
3.808159311578553363e-01 2.643177353436646504e-01 1.006564045064332197e-01
4.194807227503206115e-01 2.032298986310547839e-01 8.525102476222926051e-02
3.735388867914275490e-01 2.662097010033127598e-01 9.943967536585622546e-02
4.323636473010607495e-01 2.030660298226152349e-01 8.779836929705189807e-02
