6.283454243230434111e-01 7.725347335214738376e-02 4.854186649388397140e-02
4.142410948199589105e-01 2.602474536829362806e-01 1.078051901377260757e-01
5.232535200326119407e-01 1.241343591295464982e-01 6.495374037152761015e-02
6.704595186438931931e-01 3.981086657212769275e-02 2.669157443874499089e-02
4.188486525913898695e-01 2.705306620408930440e-01 1.133114032804847099e-01
6.628746645222733935e-01 4.336752147922255662e-02 2.874723125170213639e-02
3.839026581849572239e-01 3.258624152776698479e-01 1.250994474276678758e-01
4.389046336019130634e-01 2.351441376091070456e-01 1.032058515609629579e-01
3.856671047616444525e-01 3.101179591270503133e-01 1.196022954311194847e-01
4.322415343037324664e-01 2.795575599193256267e-01 1.208363886257369374e-01
