7.654514440874192905e-04 9.909128623774580147e-01 7.584956814716233616e-04
3.324354598599157384e-01 3.102087694826725084e-01 1.031243949355508255e-01
3.123713383301820468e-01 3.400707621123725266e-01 1.062283590880067768e-01
3.045333953560355189e-01 3.471480343001727698e-01 1.057181695766050977e-01
3.052105483916465745e-01 3.436913913067920490e-01 1.048982380182339885e-01
3.048195715959640673e-01 3.469398109528540886e-01 1.057540445442337468e-01
3.086468341157332373e-01 3.310529365333699792e-01 1.021784407857414118e-01
2.984116049389096744e-04 9.914153432935728372e-01 2.958498437532951436e-04
3.052975838752446380e-01 3.436806972412174144e-01 1.049248864923031377e-01
3.082120948999318433e-01 3.325719518518449602e-01 1.025026979852163983e-01
