4.251986141198123570e-01 2.340661044143123315e-01 9.952458320938889491e-02
3.429968502722739454e-01 3.336584638044395312e-01 1.144438021516082787e-01
3.849843174022863912e-01 2.808401476664412755e-01 1.081190525485222070e-01
2.094913729317295636e-01 6.731754933070656088e-01 1.410244583168915045e-01
4.251984379621109866e-01 2.340659741845532160e-01 9.952448660335182218e-02
2.108485526814845579e-01 6.723732704878709887e-01 1.417689309440839374e-01
3.429758064850619292e-01 3.336593255717345552e-01 1.144370762792275009e-01
4.260193643181137135e-01 2.350371757434315256e-01 1.001303882013414720e-01
3.540419632219949375e-01 3.232926942888953437e-01 1.144591801813687332e-01
4.284465581641461740e-01 2.237207198755091497e-01 9.585237242066697860e-02
