3.518297391822399756e-01 3.038925246877393072e-01 1.069184277003197431e-01
3.307516441389597439e-01 3.236492911994369726e-01 1.070475351886227278e-01
3.095043644222262857e-01 3.649460849135327534e-01 1.129524060595427787e-01
3.112524828952747402e-01 3.582756780182445588e-01 1.115141943441666228e-01
3.180933704970165810e-01 3.724134980956255170e-01 1.184622648278217810e-01
3.501143026083567977e-01 3.124902537637418432e-01 1.094073072684009218e-01
3.223131828789430608e-01 3.419183495715345522e-01 1.102047915351163920e-01
3.420257341362272774e-01 3.173961768189740296e-01 1.085576603885413938e-01
3.223178028137694828e-01 3.419180900891882757e-01 1.102062875398276548e-01
3.904198004538481093e-01 2.716124070342726959e-01 1.060428617551101155e-01
