1.613754904186256722e-01 7.326580650368282877e-01 1.182330545544795081e-01
3.966725029056900609e-01 2.519236226694867575e-01 9.993117394537395781e-02
3.826162134844250384e-01 2.685934564772638478e-01 1.027682112840244133e-01
3.051444990215429476e-01 4.625294126609747480e-01 1.411383059091616543e-01
3.774187873320026254e-01 2.722307311632155558e-01 1.027449924301252343e-01
3.718419626497140307e-01 2.794242035403630697e-01 1.039016442562817749e-01
3.750274480807102573e-01 2.781500216061363329e-01 1.043138927865437243e-01
3.828111596829547603e-01 2.677829652846509534e-01 1.025103074839576467e-01
3.156930303028381846e-01 4.485094640516869013e-01 1.415913118259788939e-01
3.706978375065328457e-01 2.803714677795662302e-01 1.039330968044177572e-01
