1.676557505383456659e-02 9.724208557130720187e-01 1.630319484037154321e-02
5.842046366231773424e-01 8.445033049562028493e-02 4.933627463990108292e-02
1.292252588091641168e-02 9.781811677354318446e-01 1.264057145628615618e-02
1.303531818991724399e-02 9.780249628937142115e-01 1.274886658900157080e-02
5.825843545263400536e-01 8.333676270961291876e-02 4.855069411149461056e-02
1.540604611215561949e-02 9.750608227890784629e-01 1.502183199804494121e-02
6.239146610524632930e-01 5.321357219148332984e-02 3.320072785724010461e-02
1.873966175355860561e-02 9.703952200530084893e-01 1.818487819106345132e-02
5.873309914975880508e-01 7.800868551958187180e-02 4.581691861163956353e-02
1.292252588091641168e-02 9.781811677354318446e-01 1.264057145628615618e-02
