5.694180546015564781e-01 7.674889694452220745e-02 4.370220759096517943e-02
5.566816994785581674e-01 8.010233375860040250e-02 4.459150328893635162e-02
5.557592392104915291e-01 7.908822672256839159e-02 4.395401271384147268e-02
2.180464263707189779e-03 9.895194270633195233e-01 2.157611748955581398e-03
5.511547530146631013e-01 7.900395975555354888e-02 4.354340792625249756e-02
5.571788416748296724e-01 7.868730358669547009e-02 4.384290066695065158e-02
2.252690753728365646e-03 9.894614208112443299e-01 2.228950593832421546e-03
1.660702339876020351e-03 9.900994760954211493e-01 1.644260516661687861e-03
5.508174857001976177e-01 7.900937882058189921e-02 4.351974738868736453e-02
5.642927572390523672e-01 7.766175311745027177e-02 4.382396479866458583e-02
