1.181502787748950345e-03 9.906296571484439761e-01 1.170431701547673458e-03
4.098650497992096797e-01 2.154687286874387708e-01 8.831310121364949195e-02
4.090220152609183035e-01 2.167924026022257644e-01 8.867286540561873653e-02
1.202957676144306067e-03 9.906296516586290402e-01 1.191685543678907720e-03
5.307428350394257643e-01 7.681629820080654314e-02 4.076969988433000458e-02
3.724793113603349637e-01 2.327219836736873770e-01 8.668412421718618699e-02
4.081203350228986837e-01 2.174066167899712243e-01 8.872806128051800856e-02
3.900520954855731248e-01 2.249426939750304166e-01 8.773936914913062213e-02
3.900520954855731248e-01 2.249426939750304166e-01 8.773936914913062213e-02
3.735483914350661294e-01 2.320385346884646094e-01 8.667762138382574533e-02
