4.410684733817042957e-01 1.155985333872442539e-01 5.098686864627579446e-02
4.117686666954037400e-01 1.453015197511956513e-01 5.983061305676570796e-02
4.406538121897287108e-01 1.157167467398651506e-01 5.099102558511493799e-02
1.668075507565668081e-02 9.707167853230187493e-01 1.619228894380208075e-02
1.485920344716674252e-02 9.741800032841515522e-01 1.447553886296077362e-02
4.101472993482056517e-01 1.453328342543440677e-01 5.960786947603961133e-02
4.410684733817042957e-01 1.155985333872442539e-01 5.098686864627579446e-02
4.396390018276714606e-01 1.159087658770770746e-01 5.095801413327542828e-02
4.411541778436736672e-01 1.155345016003262865e-01 5.096852806607054392e-02
4.114521494896695719e-01 1.452951356952520423e-01 5.978199589220466875e-02
