5.866167563623980730e-01 6.285157173065206160e-02 3.686978514091370646e-02
5.977937490504249274e-01 6.211537930451356548e-02 3.713218546813434190e-02
3.696242211115911835e-03 9.880214521977170872e-01 3.651966597101243862e-03
5.781897771207513692e-01 6.471481942486276284e-02 3.741744701967106984e-02
5.938138294300931985e-01 6.020404825024912310e-02 3.574999643867453336e-02
5.905879273657281825e-01 6.126831052834569996e-02 3.618432452813551137e-02
5.971965424797557320e-01 5.924132152601306600e-02 3.537871238726653100e-02
5.795732613822088819e-01 6.342818847392636683e-02 3.676128205739893212e-02
5.866222998026433544e-01 6.285259751899538450e-02 3.687073530516298686e-02
3.467152055231933865e-03 9.881215608937357064e-01 3.425967700671702330e-03
