3.314090145194839576e-01 3.315352457369353245e-01 1.098737690681526741e-01
3.601943772213697659e-01 2.970018188866722086e-01 1.069783851874989561e-01
3.249463955433609108e-01 3.521659623760621805e-01 1.144350601071602580e-01
3.685382330586617350e-01 2.942381604787752125e-01 1.084380117612787769e-01
3.090210958931335350e-01 4.551228860801475040e-01 1.406425730225329407e-01
3.557209837271868569e-01 3.041041665380338488e-01 1.081762332764456547e-01
3.924234090105300776e-01 2.686582270831976427e-01 1.054277773307135402e-01
4.001335896891548005e-01 2.576484509996174177e-01 1.030937995763272219e-01
3.428371371600469897e-01 3.403118056493585897e-01 1.166715251905924011e-01
3.282408849085072244e-01 3.333450599060219233e-01 1.094174774434319847e-01
