5.956037342803846002e-01 6.274676907013324034e-02 3.737220997220029595e-02
6.296096459563427228e-01 5.205849673395802901e-02 3.277653169768673935e-02
6.006491894650234364e-01 5.856961272509825928e-02 3.517979041061058965e-02
5.881981147343905425e-01 7.333592544072822794e-02 4.313605308653817305e-02
5.959682564734127830e-01 5.597232289458822091e-02 3.335772768625462625e-02
6.026434153289779161e-01 5.663879543787905813e-02 3.413299712280276621e-02
5.935208414053418924e-01 5.883183719815118784e-02 3.491792151526878357e-02
6.411397127012188335e-01 6.724004426989479977e-02 4.311026266521758576e-02
6.215562259702596126e-01 5.134718659015735653e-02 3.191516351116892997e-02
7.792470780505092107e-03 9.829382073901249406e-01 7.659517260129602989e-03
