4.991052831996768968e-01 1.684533704919339292e-01 8.407596718531677726e-02
4.789894294774990624e-01 1.763569794243586841e-01 8.447312895884860617e-02
3.354941327478570545e-01 3.178970149924331690e-01 1.066525833480188729e-01
3.385483732666900725e-01 3.100018995788748621e-01 1.049506388120119010e-01
3.359726808859159752e-01 3.128286479815023946e-01 1.051018795202618428e-01
3.283887601180437987e-01 3.223675265195243833e-01 1.058618723360672115e-01
3.379241107138714062e-01 3.191524453252327920e-01 1.078493062686867593e-01
4.819637766016632296e-01 1.728335447104022427e-01 8.329950793207788196e-02
3.315974348952845929e-01 3.263437230767217700e-01 1.082147414664180324e-01
3.473693600903803858e-01 3.204800929853081626e-01 1.113249648220120958e-01
