4.157410282517811084e-01 2.814366491495390865e-01 1.170047619051651361e-01
4.123540942934189601e-01 2.610602951785812587e-01 1.076492815743364806e-01
6.371956002108778438e-01 6.272455028505798114e-02 3.996780746684491098e-02
5.757204548789544019e-01 1.119705277680276140e-01 6.446372317964545184e-02
6.524639780759462493e-01 4.376646776377220160e-02 2.855604366348347273e-02
6.419215771855514285e-01 4.566684043753517497e-02 2.931453023874349556e-02
4.144962246340033740e-01 2.830059476618407288e-01 1.173048968548013327e-01
6.533546674418913014e-01 4.305343499380884231e-02 2.812916270261106230e-02
6.235412396102002486e-01 6.650376852395198379e-02 4.146784226417483954e-02
5.705410757915414521e-01 1.132427835021274504e-01 6.460965952493241682e-02
