7.785521888453750261e-01 2.116333971473633585e-02 1.647676445818622992e-02
7.243424346102201872e-01 6.503321974478222522e-02 4.710632072047699764e-02
7.791724537961732810e-01 2.128079481546456264e-02 1.658140911509840484e-02
7.702347923047081490e-01 2.245083738561393788e-02 1.729241607077512677e-02
7.717549737050812819e-01 2.205770250954379452e-02 1.702314162024747696e-02
7.747342958985550254e-01 2.169437551707541906e-02 1.680737674118027575e-02
7.715295191884631310e-01 2.223694971921006888e-02 1.715646312508017565e-02
4.108039681919222197e-01 3.416008919996889603e-01 1.403310019713724932e-01
7.375079055318064514e-01 5.663566835149825424e-02 4.176925314430749575e-02
7.496738599537552394e-01 4.510185697467015281e-02 3.381168320928316928e-02
