3.735804333328346938e-01 2.825357261754283256e-01 1.055498190166236361e-01
3.559464034113129505e-01 3.096818713659683087e-01 1.102301483144012828e-01
3.559461924607919547e-01 3.003122879809974055e-01 1.068950154560248805e-01
3.564650570740042212e-01 2.981739746777772315e-01 1.062886029014965539e-01
3.487074164149086553e-01 3.054094695490605638e-01 1.064985470751006330e-01
3.775647043736530817e-01 2.750175005953174878e-01 1.038369013098520144e-01
3.614839190415333747e-01 3.491598463288909659e-01 1.262156696229070618e-01
3.672702736462862827e-01 2.883941259463015383e-01 1.059185895542797129e-01
3.573782021537681985e-01 2.983621306016996932e-01 1.066281218252032176e-01
3.403427162106136272e-01 3.422441591381332193e-01 1.164803067282897675e-01
