4.115588675352852555e-01 2.676580069832629749e-01 1.101570262407831763e-01
3.459816688749795532e-01 4.206065561191752455e-01 1.455221582258700019e-01
2.902330809409295331e-01 4.932435884798914705e-01 1.431556063388788880e-01
3.679991922752917644e-01 3.106997214873273849e-01 1.143372465474945948e-01
3.339259191658953685e-01 3.261958504295555117e-01 1.089252491827902430e-01
3.846589755189833704e-01 2.788922243703598203e-01 1.072783973065130486e-01
3.503208824258005616e-01 3.107145763155255702e-01 1.088498045574136652e-01
2.749729360104321563e-01 4.082123316725052020e-01 1.122473433556530759e-01
3.789589660684615224e-01 2.738862401546789949e-01 1.037916463893955032e-01
3.768232809742268485e-01 2.712979600598481311e-01 1.022313874313667270e-01
