4.196845464499145417e-01 2.204670141558877916e-01 9.252659884318065187e-02
4.213143596262931556e-01 2.187962360691192987e-01 9.218199608810426215e-02
4.211035039619622222e-01 2.190700099041672511e-01 9.225114878362659920e-02
4.187677400531700234e-01 2.153258984879922178e-01 9.017153988473479431e-02
4.218231191187687412e-01 2.175908847979544647e-01 9.178486571728583510e-02
4.026778522612080025e-01 3.131345165376887563e-01 1.260923345882482283e-01
4.194387776944307755e-01 2.165865585223919476e-01 9.084480137167537384e-02
4.225515719139074644e-01 2.164854370216480195e-01 9.147626170996658868e-02
4.027467074955707882e-01 3.139378816647317438e-01 1.264374481986048349e-01
3.918607266164922387e-02 9.368751568887940806e-01 3.671245797273830352e-02
