2.988895698725270722e-01 3.570441927868737708e-01 1.067167852075523310e-01
3.000775355879447548e-01 3.574677233814279598e-01 1.072680334845320382e-01
2.752021186159746557e-01 4.453067821441627494e-01 1.225493698801358583e-01
3.877700067557072749e-01 2.768106879822965771e-01 1.073388823489471178e-01
3.827852982584177277e-01 2.788257228157946521e-01 1.067303874701628630e-01
3.014250136138216241e-01 3.571274713295476411e-01 1.076471529073785849e-01
2.942580334932358710e-01 3.877687385367829531e-01 1.141040664519865078e-01
2.966256707726517838e-01 3.650429859082467421e-01 1.082811205558853601e-01
3.960484513898206993e-01 2.633724519170255185e-01 1.043082517204779736e-01
2.957195313873317022e-01 3.951635142398958189e-01 1.168575692523931703e-01
