6.249613019758516463e-01 1.313954651434543763e-01 8.211708096977587967e-02
2.515578535042680142e-01 5.608501501934853861e-01 1.410862599202195033e-01
4.752123322065031630e-01 1.902541350987153601e-01 9.041111125219165878e-02
6.285556826913777373e-01 1.298482344154676948e-01 8.161684562928434028e-02
5.477810560460024680e-01 1.677878090028067926e-01 9.191098320720246517e-02
4.933903004309989071e-01 1.826393525464636014e-01 9.011248502342279754e-02
7.388433525098907495e-01 4.616571488826803904e-02 3.410923155906373655e-02
1.812649273435859021e-01 6.790553089177204793e-01 1.230889112332468893e-01
4.756832526422499208e-01 1.900974080363565244e-01 9.042615337359505290e-02
4.529545660334631796e-01 1.979005668988011168e-01 8.963996539742280500e-02
