3.455535885429463772e-01 3.017924494032133698e-01 1.042854638864459532e-01
3.500829468345850182e-01 3.144721628385535594e-01 1.100913414639663052e-01
4.213509129814875243e-01 2.268613667262031064e-01 9.558824399031373709e-02
3.302125507295621265e-01 3.396831571162576280e-01 1.121676417512300489e-01
3.422884167879682860e-01 3.046084076345219049e-01 1.042639295895245732e-01
3.418647450569383128e-01 3.185071771353989445e-01 1.088863749101982581e-01
3.504044593860567991e-01 3.015921631651218293e-01 1.056792388889459533e-01
2.305377996184016509e-01 5.160741956453203105e-01 1.189746095039086599e-01
2.309327317928278611e-01 5.338823702924936354e-01 1.232909142276756437e-01
3.473362076131739085e-01 3.075859753247647821e-01 1.068357461843030820e-01
