7.232242306769744999e-01 3.503500979433146756e-02 2.533816800526564328e-02
7.001626089913983719e-01 3.986490867086294604e-02 2.791191846219522044e-02
7.558198338825663498e-01 2.813012537150139797e-02 2.126130668538395163e-02
4.975876858657528323e-02 9.132245056229792990e-01 4.544092684288344314e-02
6.599083666041833940e-01 4.499161865680682826e-02 2.969034557869169866e-02
6.664460383698347368e-01 4.381624113268982323e-02 2.920116031913853188e-02
4.088880219169086644e-02 9.351917404890970342e-01 3.823887008816178462e-02
6.622405214776584392e-01 4.638641614416560283e-02 3.071896441679190445e-02
7.900499924917001593e-01 2.147743116182602649e-02 1.696824432814166006e-02
7.247321151849054344e-01 3.395616176288425436e-02 2.460912093797591391e-02
