6.380864440466403886e-01 5.158932532789762410e-02 3.291844914924347415e-02
6.166347877696167767e-01 5.606136498756842529e-02 3.456938790118428001e-02
6.029002521441005902e-01 5.984132871964630701e-02 3.607835217371276743e-02
6.047298881219660416e-01 5.913712716049707857e-02 3.576198829162188092e-02
6.097479187444502235e-01 5.513259356927917992e-02 3.361698418385163784e-02
6.231925245909228916e-01 5.297939033456901259e-02 3.301636001388800340e-02
6.334530493120801298e-01 5.127159650624184273e-02 3.247814914997748659e-02
6.386104592371646405e-01 5.635994242747878469e-02 3.599204871619238882e-02
6.266622334856761789e-01 5.274962175915158535e-02 3.305619578711455758e-02
6.453659819603638770e-01 6.270782632524563027e-02 4.046949791299210564e-02
