5.120677314634716204e-01 1.747416998896707541e-01 8.947958585457446712e-02
7.874713255939318202e-02 8.945632790301504267e-01 7.044429311655268922e-02
6.567298892407257282e-01 4.398012017929854578e-02 2.888305945414454054e-02
8.024398577903184282e-02 8.930420248405567252e-01 7.166125154138343334e-02
7.430076919916293876e-02 9.000419416090743585e-01 6.687380857306232662e-02
6.196612557117289199e-01 5.926925781942563032e-02 3.672686272548749548e-02
6.244067359597562650e-01 7.821076465710596892e-02 4.883532827646020619e-02
3.511157071210087022e-01 3.760755651826873103e-01 1.320460380000522682e-01
7.748295387210943352e-02 8.954805338635066780e-01 6.938447689871801716e-02
4.553313073580235737e-01 1.975054303471096562e-01 8.993040581025850411e-02
