6.611017157183344262e-01 5.157007869184203341e-02 3.409306750290629073e-02
6.615441661783970639e-01 4.795927602616548158e-02 3.172717926924922827e-02
6.673207225614229410e-01 4.912059433373193451e-02 3.277919050343253149e-02
7.109010817845970998e-01 3.640279678088288728e-02 2.587878761151449214e-02
6.624396404786194736e-01 4.673143217379985975e-02 3.095675312826296974e-02
6.881716303229628018e-01 4.866689740916757545e-02 3.349117813282722483e-02
7.279236219658696827e-02 8.877373278763065478e-01 6.462049710620239307e-02
6.846336844653508891e-01 6.141961025293087018e-02 4.204993406588990179e-02
6.674643389376910818e-01 4.594782807987730228e-02 3.066853669495798324e-02
7.045727989927917934e-01 4.643712420001012281e-02 3.271833457477704016e-02
