6.562135446174467424e-01 4.224096773009147765e-02 2.771909516223451317e-02
6.848793035157111353e-01 3.815520793924899456e-02 2.613171223892998482e-02
2.283299917520103389e-02 9.630394120472275388e-01 2.198907810096043663e-02
6.036364247231960078e-01 5.632720676507522312e-02 3.400115370631422856e-02
1.238647095335898042e-02 9.760857763807199161e-01 1.209025811712663608e-02
6.275040107046051530e-01 5.258387024481105815e-02 3.299658947698948935e-02
6.839926058254679475e-01 3.806251648416178468e-02 2.603447983427664703e-02
5.505184944410977943e-01 7.327348052398795220e-02 4.033840618052494942e-02
5.731185988413828314e-01 6.774008973944786738e-02 3.882310531686189448e-02
6.578789863974011665e-01 4.272163473952449164e-02 2.810566575967837419e-02
