4.233069224100393102e-01 1.455545243634704389e-01 6.161423775115775631e-02
3.911707038445640799e-02 9.386600674249307996e-01 3.671763192453961905e-02
1.627801593047655676e-02 9.713367002033344022e-01 1.581143427976640717e-02
4.235430549149169499e-01 1.466996879872797532e-01 6.213363400519761326e-02
4.223928345530746920e-01 1.458013011544748716e-01 6.158542487616511935e-02
4.268762432271200336e-01 1.429115337992813428e-01 6.100553866206280540e-02
4.452075553011309861e-01 1.278921165177310248e-01 5.693853653714642249e-02
4.529119395942062254e-01 1.190175764522349161e-01 5.390448139678344353e-02
4.458981577128146578e-01 1.278579880838085769e-01 5.701164133543725615e-02
4.346975268570254514e-01 1.408407128883700787e-01 6.122310957335486137e-02
