1.804607625877358290e-01 5.996904095521916611e-01 1.082205886243401277e-01
4.188775320848802663e-01 2.173668438003782399e-01 9.105008708818208840e-02
4.154142765688697003e-01 2.201993251946831043e-01 9.147394337670256004e-02
4.152317720480042107e-01 2.200390635665140093e-01 9.136721028450704718e-02
4.038977490619901078e-01 2.206424452775589129e-01 8.911698699513936894e-02
1.822424276027295731e-01 5.981683634445863484e-01 1.090116546692932592e-01
4.137494414154830324e-01 2.326918691376212434e-01 9.627613087761546784e-02
4.254986680642746655e-01 2.172592365010478921e-01 9.244351575585711689e-02
4.167342239393313497e-01 2.180486147600992353e-01 9.086832025309618532e-02
4.105977760679409561e-01 2.181615842540879924e-01 8.957666131818725619e-02
