4.409449430392079795e-03 9.867558595681686917e-01 4.351050062908908521e-03
3.110223329360340405e-01 2.330122980127184440e-01 7.247202853070210116e-02
3.081926113813770463e-01 2.345425878414959531e-01 7.228429262701664693e-02
3.115426469026844614e-01 2.332702495795765385e-01 7.267363099767108758e-02
3.133297199439273872e-01 2.320801735211586170e-01 7.271761577392270304e-02
3.123155128125464919e-01 2.331666936758722553e-01 7.282157550618598152e-02
3.094442045903634253e-01 2.341073319134140684e-01 7.244315711271862024e-02
3.109995430328275634e-01 2.334725724048702378e-01 7.260986332861339709e-02
3.083906500569986164e-01 2.344757661378346070e-01 7.231013394185960286e-02
4.394845314296238863e-03 9.868919394751637375e-01 4.337237415919150546e-03
