3.462770544224754166e-01 3.346426235644346936e-01 1.158790619721017101e-01
3.554421136813237792e-01 3.172141478402002446e-01 1.127512671979407077e-01
5.127811285124470597e-01 1.355564499231485254e-01 6.951078936873311687e-02
3.650753432544588395e-01 2.910321004935368383e-01 1.062486439857441151e-01
4.427237093847390947e-01 2.242680751195623157e-01 9.928879411350793882e-02
0.000000000000000000e+00 9.916666666666669183e-01 0.000000000000000000e+00
1.834436054468056583e-04 9.915150711239629766e-01 1.818870995018257125e-04
4.967964480578850872e-01 1.705952343036394037e-01 8.475110645765072948e-02
4.972604874505922590e-01 1.699033201974810836e-01 8.448620782087350178e-02
5.110329437110898709e-01 1.376215661889270414e-01 7.032915408765798293e-02
