6.811484955978697187e-01 4.073459492269890930e-02 2.774630805038498516e-02
6.735825713189497188e-01 3.938444202785447434e-02 2.652867373108432764e-02
6.723730217704596557e-01 4.249986177568047807e-02 2.857576048694113538e-02
6.760219895718739824e-01 3.922823683674056539e-02 2.651915071377003441e-02
6.764036199264281679e-01 4.037839003104089219e-02 2.731208918379725986e-02
6.814331137035083419e-01 4.077972083432129802e-02 2.778865214409139209e-02
6.469451017056948583e-01 4.362326270090518404e-02 2.822185612477134953e-02
6.897268065416187754e-01 3.813530763018434244e-02 2.630294394824927301e-02
9.766351387723561095e-02 8.335720024669464046e-01 8.140957083060569588e-02
6.675804920917659535e-01 4.224857020758772397e-02 2.820432128935493679e-02
