4.841559374289476914e-01 2.776166117816112333e-01 1.344097309229742299e-01
1.829682644227457189e-01 6.422580788298899446e-01 1.175128459949919685e-01
1.878155159162731846e-01 6.397820202397269673e-01 1.201609902052798579e-01
5.775657982453843431e-01 1.504152965987429202e-01 8.687473084836920545e-02
5.314208053342318605e-01 2.051999681671870523e-01 1.090475323379652833e-01
5.716282802028449517e-01 1.511527641543549128e-01 8.640319462146012208e-02
6.464193039749526193e-01 9.077044878636916780e-02 5.867577032597884323e-02
5.431238639813977809e-01 1.744377314823938319e-01 9.474129474686725227e-02
5.897465312567007345e-01 1.423556921900176464e-01 8.395377567370951311e-02
5.273750080167497467e-01 1.829323919781601360e-01 9.647397168600541084e-02
