7.721373373015291142e-01 2.226941239606418377e-02 1.719504479076666356e-02
9.334093747451343995e-04 9.908421175417811977e-01 9.248613214058189723e-04
7.807214613124814351e-01 2.092650063178281422e-02 1.633776815340204358e-02
7.819875237678258761e-01 2.114449627294066880e-02 1.653473228179489635e-02
7.820674087720255185e-01 2.116497784495800782e-02 1.655243937992363634e-02
7.515154201148759316e-01 4.885481198064896280e-02 3.671514455027068136e-02
7.428040651369720582e-01 4.784067605352901320e-02 3.553624865146234185e-02
7.377327905456051438e-01 5.730098316689169469e-02 4.227281421271775891e-02
7.723692103245185514e-01 2.230073517737810734e-02 1.722440121860773984e-02
7.762818084322071766e-01 2.192851472650955702e-02 1.702270706812712697e-02
