5.683938135231733080e-01 7.558063188362898477e-02 4.295956358482701937e-02
5.513757579451277202e-01 7.717310597886584134e-02 4.255137980207682191e-02
5.459784737291646373e-01 8.034663200611433242e-02 4.386753151197714945e-02
5.794528226244706204e-01 7.425924671517415698e-02 4.302973011507461171e-02
5.550812545248451357e-01 7.688633231324826234e-02 4.267816179625198714e-02
5.368708462936953030e-01 8.241253466179587761e-02 4.424488722908685029e-02
5.672794181161071592e-01 7.663070915737658917e-02 4.347102410062123751e-02
5.513146999021628636e-01 7.880714549461784180e-02 4.344753776851131843e-02
1.614109486007975474e-03 9.901732642774143667e-01 1.598248058661656508e-03
5.601803085966973184e-01 7.920293599125868833e-02 4.436792512534775551e-02
