6.508293934208935205e-01 4.280520406056580185e-02 2.785888499399560847e-02
6.384400486220455084e-01 4.681959307885946719e-02 2.989150328173142274e-02
6.387765938979246272e-01 4.652724103612958240e-02 2.972051255252659840e-02
6.384406778942491867e-01 4.682086300420482128e-02 2.989234351599829795e-02
6.599147179077335945e-01 4.264860214246825321e-02 2.814444025200609975e-02
6.606517981485993118e-01 4.114018236985000909e-02 2.717933545880271348e-02
6.529972876360535805e-01 4.157456074213106145e-02 2.714807539927193911e-02
6.442797412526578560e-01 4.375915729564246182e-02 2.819313853987088017e-02
2.839590796721993410e-03 9.889571300197251835e-01 2.808233564756607622e-03
6.375509874724817339e-01 4.647149348892902487e-02 2.962794656318770356e-02
