9.471962840331782461e-04 9.908574786291166614e-01 9.385365217639835955e-04
1.083066297794537877e-02 9.796702071725178484e-01 1.061047784341946805e-02
1.877006618504538094e-01 6.124586142859151927e-01 1.149588872574780901e-01
5.819521087329735387e-01 6.529758032707354276e-02 3.800006456650117936e-02
1.054141556168763406e-02 9.798716242416845024e-01 1.032923398823743129e-02
1.953748319360095742e-01 6.369958385141614166e-01 1.244529548936417762e-01
6.106228849584576235e-01 5.883487840440659866e-02 3.592592318747881569e-02
6.106228849584576235e-01 5.883487840440659866e-02 3.592592318747881569e-02
4.557582974369865370e-01 1.917516713869558409e-01 8.739241528201552311e-02
1.367760070810849181e-02 9.756607632331260049e-01 1.334469834607107663e-02
