2.626452687834022193e-01 4.344712531052508098e-01 1.141118190504901708e-01
3.619226139197692649e-01 2.840315831641060940e-01 1.027974530145236015e-01
3.201726015968620609e-01 3.281198246408483232e-01 1.050549778907665793e-01
3.857092115921154085e-01 2.553264993183287923e-01 9.848178275064739529e-02
3.411424384955055178e-01 3.094820845328957182e-01 1.055774729882242163e-01
3.055497907599788454e-01 3.782403710207709047e-01 1.155712662223733200e-01
3.652644096714676158e-01 2.985498855817687591e-01 1.090496477145089654e-01
3.460593363632296637e-01 3.031977188326456796e-01 1.049244013660704661e-01
2.878687429223634187e-01 3.581351794463975002e-01 1.030959239035094954e-01
2.941230531253146707e-01 3.579232933939119343e-01 1.052734918376851542e-01
