4.584773638595542322e-01 1.557986880555505271e-01 7.143017179248582760e-02
4.558412084179361834e-01 1.557606250152906435e-01 7.100211153090310590e-02
4.483272814848539012e-01 1.485763757888140246e-01 6.661084265027106266e-02
4.538591305764749229e-01 1.473524442853779426e-01 6.687725225168009158e-02
4.535291259171199685e-01 1.476163973555767450e-01 6.694833566370897437e-02
4.566064816398509585e-01 1.469619081615181344e-01 6.710375982070969358e-02
9.703938734073776218e-04 9.906961981594394340e-01 9.613655211019013708e-04
2.274732269042459010e-01 4.922309405175318009e-01 1.119693604216348837e-01
4.644474698818183422e-01 1.540313650643980736e-01 7.153947778660238455e-02
3.325562696367951698e-04 9.913754469441289352e-01 3.296881204452500923e-04
