4.391781950340163387e-01 1.159496721943973629e-01 5.092256774912130857e-02
4.397143292469564702e-01 1.158733111513310238e-01 5.095115529053140246e-02
4.097555940043273726e-01 1.457374679990206534e-01 5.971674276862536102e-02
1.780866567169104436e-02 9.697753312190182662e-01 1.727040465033294336e-02
4.399941024728838967e-01 1.157969568362284540e-01 5.094997809224761920e-02
3.059320735185414031e-01 2.980211344469255730e-01 9.117422361369593997e-02
4.386152347317369693e-01 1.160778277936622138e-01 5.091350368486729366e-02
4.392020168414228487e-01 1.159153703439709526e-01 5.091026443799250012e-02
4.116740126873481009e-01 1.451578619947815896e-01 5.975771952050804026e-02
4.391304195093608254e-01 1.159778273771339685e-01 5.092939198990507205e-02
