5.656627392186686087e-01 7.405299245757215876e-02 4.188901856088967507e-02
6.766572194663315054e-01 3.978812017346415597e-02 2.692291876436850653e-02
2.775975467642095018e-01 5.293232838912967919e-01 1.469388450533992141e-01
3.338554576795459417e-01 4.454658538696979475e-01 1.487212065242777270e-01
6.866640146168553338e-01 3.550880789318695829e-02 2.438262058219443917e-02
6.342060567333985821e-01 5.606114494797101444e-02 3.555431767341218907e-02
6.034939078007601765e-01 6.144729047869341987e-02 3.708306545475513472e-02
6.198642257691895363e-01 7.256566632646815895e-02 4.498086057488153572e-02
2.915789595138594259e-01 5.126792449410438879e-01 1.494864808042606630e-01
4.361151815659393138e-01 2.690178239904997826e-01 1.173227571540907122e-01
