6.744898480852064004e-01 5.474953961289570625e-02 3.692800865623701440e-02
2.389155252500477777e-01 5.374946648242807656e-01 1.284158201655914155e-01
2.634064657347771621e-01 4.694731210055032022e-01 1.236622555615349700e-01
5.795860508939671973e-01 5.968962433859552330e-02 3.459527364975100577e-02
6.602764575869156660e-01 4.479186135111368205e-02 2.957501154163761845e-02
0.000000000000000000e+00 9.916666666666669183e-01 0.000000000000000000e+00
5.190964565831716060e-01 8.323212524626749653e-02 4.320550128922419353e-02
6.362723179253985117e-01 9.430511121200571556e-02 6.000373170307536641e-02
7.467030762472102968e-04 9.909589475149989113e-01 7.399520945441474601e-04
5.460933863301070668e-01 7.335004338590346562e-02 4.005597358006829367e-02
