7.743562416015161397e-03 9.835909509498735881e-01 7.616497920508053313e-03
5.372396422148585371e-01 1.129839354694842229e-01 6.069944906765237236e-02
7.888209052113782233e-03 9.834079776807775897e-01 7.757327711462418118e-03
5.357591127498335659e-01 1.143285113165072586e-01 6.125254178494123763e-02
5.466114123085171750e-01 1.122342310605185522e-01 6.134851154935049011e-02
5.343088713916654964e-01 1.157848573994548630e-01 6.186487648134765538e-02
5.319830698295427984e-01 1.155566684701116731e-01 6.147419123200474622e-02
7.658794432621294709e-03 9.836824735370044426e-01 7.533821851792354106e-03
5.612313643339511549e-01 1.077966967965173634e-01 6.049888721380269896e-02
5.454913879550734590e-01 1.123587496593977386e-01 6.129073030060151056e-02
