5.038481129365119937e-01 2.157510783077808969e-01 1.087057736693930327e-01
6.192751477422993034e-01 9.270914834825733086e-02 5.741247154042980472e-02
5.027443765632607642e-01 2.163532023329575726e-01 1.087703558243477697e-01
4.833470464444635240e-01 2.463168289199465510e-01 1.190565117480223839e-01
5.758541027178109006e-01 1.076382154066535257e-01 6.198390795114491758e-02
4.948586232370295046e-01 2.355170402435046995e-01 1.165476382837608016e-01
4.431028565509229633e-01 2.736797050031927747e-01 1.212682590669286464e-01
6.123372219728107080e-01 9.721135622810797572e-02 5.952613181692893024e-02
6.631628073944996205e-01 4.235020429852138363e-02 2.808508037633804591e-02
4.897703656573834663e-01 2.339364528376327301e-01 1.145751420468786308e-01
