3.245967923468798255e-01 3.385760165158986368e-01 1.099006889266449100e-01
3.238795328742311574e-01 3.356911150457814741e-01 1.087234815310575003e-01
3.495947593187367919e-01 3.035302626130597092e-01 1.061125891041655861e-01
3.175358757247697117e-01 3.485930961292403873e-01 1.106908140510071831e-01
3.040804801636243226e-01 3.622719015476756343e-01 1.101598137724064397e-01
3.296587358138777790e-01 3.298332241855892466e-01 1.087324037144366817e-01
3.530762349777986642e-01 3.030045618791191164e-01 1.069837098893767907e-01
2.980878781091608754e-01 3.739803132684020870e-01 1.114789980367772437e-01
3.238085447576801723e-01 3.659838548488706933e-01 1.185086994434188662e-01
3.280761747853048749e-01 3.278206854710025153e-01 1.075501565048230801e-01
