5.234788083809803760e-01 2.069259874444862590e-01 1.083213693304973801e-01
1.230343486925686292e-01 7.558076453503148606e-01 9.299030138253988609e-02
1.134390172925696383e-01 7.855567754331842512e-01 8.911278863266022809e-02
5.203235574795659346e-01 2.133951186409008827e-01 1.110345072800075772e-01
7.407532086467911725e-01 4.549230745725401509e-02 3.369857271770725776e-02
5.211005582183585449e-01 2.159303765126874275e-01 1.125214397370617597e-01
7.054654855794981749e-01 5.312359523836831382e-02 3.747686291056422092e-02
7.420471846999099341e-01 4.482643381839326868e-02 3.326332901507556006e-02
5.229406667488898375e-01 2.121643481891057337e-01 1.109493657023545715e-01
1.193706522908310197e-01 7.646266494333242569e-01 9.127398190180849302e-02
