4.253060783834213161e-03 9.874536129078318458e-01 4.199700236913708924e-03
6.192355664743817156e-01 5.444370050624329493e-02 3.371347572394514658e-02
5.562373193197492904e-01 7.844160674785186083e-02 4.363214906055907366e-02
6.354343550801534457e-01 6.605243146423300793e-02 4.197198418895093514e-02
7.588899182241324315e-01 2.487867536426788262e-02 1.888017591271399023e-02
6.166249445247331540e-01 5.570104255570748619e-02 3.434665227588292596e-02
6.568923350592413835e-01 6.288985177946616878e-02 4.131186158694311744e-02
6.011438014209573577e-01 5.635567982110126217e-02 3.387786759931914887e-02
7.176885907334229486e-01 3.719977028772999267e-02 2.669785071340799801e-02
7.042335253167733011e-01 3.929495842147234796e-02 2.767282709632950047e-02
