4.220402969504165047e-01 2.263240804934337491e-01 9.551788213847874076e-02
4.224783797713923539e-01 2.289227075173101977e-01 9.671489456479355484e-02
3.848221791598638308e-01 2.807158557683790412e-01 1.080256873415136598e-01
3.373383555971666836e-01 3.373614086649110444e-01 1.138049428409648317e-01
4.230379069090468014e-01 2.418899747035527792e-01 1.023286286008732449e-01
3.446201978386394527e-01 3.206103228830627927e-01 1.104887929010711783e-01
3.822540283234839853e-01 2.818201695344541013e-01 1.077268950673522796e-01
4.223604889854672417e-01 2.285159800538920649e-01 9.651612107655513362e-02
4.225983445561998231e-01 2.408954169887263796e-01 1.018020044306112287e-01
4.226730665864423253e-01 2.430470994709527377e-01 1.027294628583276803e-01
