6.243349116858918357e-01 7.755136400331777424e-02 4.841802399613185509e-02
3.826056555057859576e-01 3.109420237956121991e-01 1.189681768386159078e-01
4.278489466455681067e-01 2.795462920752141422e-01 1.196035866030546874e-01
6.519855739091250380e-01 4.112547325431913786e-02 2.681321528200163520e-02
3.738487280962852211e-01 3.657304174776270234e-01 1.367278514001342704e-01
4.101372553724431658e-01 2.593864798894134349e-01 1.063840589425634475e-01
5.506440814666654360e-01 8.850289617123133223e-02 4.873359596934733612e-02
4.040319622840630176e-01 3.206346207105165713e-01 1.295466349818762686e-01
6.049143279059137068e-01 8.410116373561121739e-02 5.087399893723246191e-02
5.792494727360372186e-01 9.945929501120318039e-02 5.761174419393742113e-02
