9.000893348874713235e-03 9.807794744255355912e-01 8.827891448069639588e-03
3.897432606575669811e-01 2.458222249885534116e-01 9.580755550913684637e-02
3.864496048935132100e-01 2.459465693291305599e-01 9.504595454215755690e-02
3.823116233440038703e-01 2.526208325611252192e-01 9.657988058695757272e-02
1.007421779121658173e-02 9.790847336692629632e-01 9.863512843039438233e-03
3.858106386579072677e-01 2.463277887079770578e-01 9.503588148061466179e-02
1.295337998661913285e-02 9.762073651876330693e-01 1.264518494701168116e-02
1.305680428529668036e-02 9.758329299516498301e-01 1.274125958152631626e-02
3.829595546820777074e-01 2.469288125091973207e-01 9.456374807669647164e-02
3.946254245403337801e-01 2.487677250510402227e-01 9.817006911019977855e-02
