3.787038352201498315e-01 3.256764570178857232e-01 1.233349233135836026e-01
6.535404895362473265e-01 4.039710317623460001e-02 2.640114258564265140e-02
6.093729634064901646e-01 8.062905550863183612e-02 4.913316649196137337e-02
6.089763510682932868e-01 8.097679138869827431e-02 4.931295094110786648e-02
3.969578548412809882e-01 3.208964754692580912e-01 1.273823765284044507e-01
3.955875093316360003e-01 3.339658919343628796e-01 1.321127353920329150e-01
3.828119977126573370e-01 3.103072110994252730e-01 1.187893233856142650e-01
5.616198243196622863e-01 9.681210512788716860e-02 5.437159747394066517e-02
5.874263123334463321e-01 8.500792526617492739e-02 4.993589205822633603e-02
3.556180469831018431e-01 3.834769064070124855e-01 1.363713085195835117e-01
