2.783865036148034933e-01 4.617975137824028020e-01 1.285581952398921479e-01
2.486953587167722302e-01 5.158074279487598890e-01 1.282789133224924993e-01
2.471652145174120796e-01 5.169978680683717798e-01 1.277838889661638277e-01
2.564831683241761695e-01 5.133127819275372650e-01 1.316560886500716676e-01
2.798663971241006632e-01 4.603975590721530176e-01 1.288498061022537722e-01
2.790115065361071234e-01 4.604720104343307252e-01 1.284769893489926540e-01
6.525433735524962531e-01 4.093153667160896736e-02 2.670960302437943093e-02
2.547499425105162474e-01 5.144753252114415698e-01 1.310625595206938998e-01
6.230387858751889052e-01 7.737051930489327600e-02 4.820483441025356919e-02
6.087086863852658736e-01 8.023007951557115103e-02 4.883674631050874404e-02
