6.461301327094555180e-01 4.386328893610672019e-02 2.834139270135982783e-02
6.454888618707781411e-01 4.700262521916639957e-02 3.033967105765845301e-02
6.482704433992737547e-01 4.340498520034438007e-02 2.813816900156616493e-02
6.636658236246398834e-01 4.330442076310851707e-02 2.873966407233637110e-02
6.302204088022512751e-01 4.786195359155256956e-02 3.016357995854264049e-02
6.383179893044159670e-01 4.708565779170771626e-02 3.005562240667867743e-02
6.246355937675034387e-01 4.899094531213139814e-02 3.060148821427448665e-02
6.734009806094907180e-01 3.985014166023779364e-02 2.683512447143125007e-02
6.356963840297888968e-01 4.699019090665496057e-02 2.987149444423002620e-02
6.455978103962650705e-01 4.698526877630811172e-02 3.033358664286451775e-02
