3.958698296870723499e-01 2.557283676336907785e-01 1.012351453413021934e-01
3.741743686686915815e-01 2.843120641094946111e-01 1.063822870930627162e-01
3.957433926310072181e-01 2.615632770383097827e-01 1.035119386428247495e-01
3.950825913360503372e-01 2.653825858736287291e-01 1.048480397224151456e-01
2.776195035767189401e-01 5.474019472373159445e-01 1.519694568489529385e-01
3.838014500130788598e-01 2.731106990053483452e-01 1.048202822923382238e-01
3.649012771080796247e-01 2.932106558003342300e-01 1.069929427632395208e-01
3.734248518909156767e-01 2.853816752712475258e-01 1.065686098205470000e-01
2.956404312487664332e-01 3.867170292143006227e-01 1.143291892881576483e-01
2.992340997064311670e-01 3.831886675595550518e-01 1.146631159548903989e-01
