6.829746917761393421e-01 3.864430447654951251e-02 2.639308193877468525e-02
6.922856797408044605e-01 3.884687815729961219e-02 2.689313745093437069e-02
8.505770409997157055e-03 9.831551464904806359e-01 8.362491953455151311e-03
6.909089531677178320e-01 4.221176788345480657e-02 2.916448835971645337e-02
6.598770503311994773e-01 4.105512358248929183e-02 2.709133385059590143e-02
6.848574547013911440e-01 3.707335527845151413e-02 2.538996373324068842e-02
6.839515157918309995e-01 3.862704554636017112e-02 2.641902635199313426e-02
6.976361768597882929e-01 4.002245698133950758e-02 2.792111387699703837e-02
6.903431254261575001e-01 4.201865742082276645e-02 2.900729129010179430e-02
6.850379818716046953e-01 3.731575340283876940e-02 2.556270840309913736e-02
