6.832963615679142899e-01 3.985099355475676952e-02 2.723003890083170245e-02
6.739009997436962163e-01 4.036225312785174379e-02 2.720016273476742047e-02
6.723186579465842971e-01 4.163253922995799328e-02 2.799033290199387861e-02
6.735773429756579667e-01 4.177549549458416112e-02 2.813902725673356892e-02
6.500049423803936355e-01 4.295067365905583245e-02 2.791815015695367844e-02
6.932706865416726760e-01 3.694053337701677653e-02 2.560978893549999483e-02
6.801644992605735407e-01 3.851998113996765727e-02 2.619992368359283855e-02
2.081896556065273018e-01 6.077748589918787747e-01 1.265324385798249351e-01
6.820446422945076748e-01 3.831628823430160979e-02 2.613341910281749558e-02
6.832885773773205162e-01 3.985978446203779224e-02 2.723573541963242653e-02
