4.595105856257026278e-01 1.658346336716796099e-01 7.620276963549736660e-02
3.606035785004592098e-01 2.525979309858331634e-01 9.108771783530346389e-02
3.476475383518790041e-01 2.541822032878934823e-01 8.836581726589305685e-02
3.822786211964773195e-01 2.532715457349178356e-01 9.682029729184493672e-02
4.293866754854603340e-01 1.747860083249384577e-01 7.505078303601932233e-02
3.815155502738228344e-01 2.529513133046649154e-01 9.650485948791540092e-02
3.652694757931593261e-01 2.527395590970767936e-01 9.231804626358344756e-02
3.838291596719281551e-01 2.473484989813563295e-01 9.493956651012677717e-02
3.738961563612384631e-01 2.463709772595226166e-01 9.211716143629759823e-02
3.312205444668927523e-01 3.639181416444624562e-01 1.205371650168586550e-01
