6.306417484902286930e-01 4.725649649277401110e-02 2.980191957572536285e-02
6.308610999476884640e-01 4.828344789773851564e-02 3.046014905003422563e-02
3.297683605504930088e-03 9.884906029467657174e-01 3.259729255533232433e-03
6.314881931004195925e-01 4.842283601448731101e-02 3.057844921958651624e-02
6.415489529740777686e-01 4.438603013447147555e-02 2.847581115944603988e-02
6.354889246426791427e-01 4.659526626322305076e-02 2.961077565105492415e-02
6.350301926935444374e-01 4.656920966831655517e-02 2.957285418925713338e-02
6.331666397522778267e-01 4.698612333459856183e-02 2.975004582675386255e-02
6.154633525404927807e-01 5.274904418882746943e-02 3.246510357976235134e-02
6.248674028903206112e-01 5.067205600713436259e-02 3.166331603629091856e-02
