5.833539854354122811e-01 7.441328356276599720e-02 4.340928553567499626e-02
5.614311189976491923e-01 7.413870326100971409e-02 4.162377513286334707e-02
9.987680443975927285e-04 9.907312130480955270e-01 9.895106761797010757e-04
5.730705951798398257e-01 7.077204795854243058e-02 4.055737964569807591e-02
5.767248557083151095e-01 7.005964143209675310e-02 4.040513659590229401e-02
5.565022211088126447e-01 7.427631702298692629e-02 4.133493539907453357e-02
5.731568212610693713e-01 7.110155296829526184e-02 4.075234008603366431e-02
5.436658588187386343e-01 1.165652384863692936e-01 6.337254049010304646e-02
5.949268361652114701e-01 9.779328692452457505e-02 5.817985078820414602e-02
5.948590918667036043e-01 9.781159290853247423e-02 5.818411533160533500e-02
