6.539075536769339836e-01 4.176191622894197264e-02 2.730843247812849220e-02
6.600743517540761385e-01 3.998343199985684299e-02 2.639203795820868961e-02
6.534513332584527268e-01 4.648038992153280535e-02 3.037267276459836018e-02
6.448343867803557616e-01 4.374959461991759224e-02 2.821124301862371064e-02
6.576358050475923367e-01 4.137738405921150692e-02 2.721124927654297240e-02
6.509491600403358724e-01 4.494012245516251086e-02 2.925373496429787418e-02
6.513565148668720717e-01 4.242549498620416804e-02 2.763412255571590093e-02
6.442187409278991028e-01 4.427595180709523182e-02 2.852339792655123052e-02
6.284159503613209186e-01 5.011575531440458364e-02 3.149354000397697889e-02
6.433946192958294175e-01 4.633637025278587729e-02 2.981257129834176400e-02
