4.027766887134088258e-01 2.657877003651508141e-01 1.070530898538271242e-01
4.957568379640830969e-01 1.673556255426860429e-01 8.296769573454317037e-02
3.373046939748926554e-01 3.170793020336317714e-01 1.069523369382267275e-01
5.037952130441449849e-01 1.594040271521605934e-01 8.030698581921741352e-02
3.277202521950401404e-01 3.360327361845374394e-01 1.101247330481859993e-01
4.771219792321982345e-01 1.743367989777471205e-01 8.317991858126858040e-02
3.377277306454044559e-01 3.097419718894623974e-01 1.046084532518608001e-01
3.259198066300204588e-01 3.441379503871502266e-01 1.121613742442315736e-01
3.336817100349834253e-01 3.236259483736708131e-01 1.079880598650197338e-01
3.381569929366560756e-01 3.086879368374858545e-01 1.043849844767846397e-01
