5.471554958051394468e-01 1.009733492504566454e-01 5.524812297223911234e-02
5.437835057519702087e-01 9.643799000362390794e-02 5.244138829184406825e-02
7.657502607601138767e-01 3.103083431082444277e-02 2.376186946511770620e-02
5.563204295349725159e-01 9.912661176763773452e-02 5.514615923691868621e-02
3.902570002353621592e-04 9.913243669877513931e-01 3.868712737208591327e-04
3.902570002353621592e-04 9.913243669877513931e-01 3.868712737208591327e-04
5.456039309814303406e-01 9.568057135120713874e-02 5.220369584776784339e-02
5.398449419345081601e-01 9.687762406297714679e-02 5.229889533703100529e-02
7.633093850570715766e-01 3.118706935500553667e-02 2.380538273110151953e-02
5.342512090908259070e-01 9.796922170090817394e-02 5.234017514739737476e-02
