4.184583889062047923e-01 2.629340170894133855e-01 1.100269451798724374e-01
4.075588211973833475e-01 2.255567915714186134e-01 9.192766008591125859e-02
3.061853799100541784e-01 3.458992146017957348e-01 1.059092824334401800e-01
2.981943414386371560e-01 3.595276851164098675e-01 1.072091212922455516e-01
3.035904543799429756e-01 3.436586947035741302e-01 1.043314992766761762e-01
2.829233813225018324e-01 4.474455180032108625e-01 1.265927989110667840e-01
4.164506050786012104e-01 2.231628610990561978e-01 9.293630853577379558e-02
4.080920071206328714e-01 2.246690442239630547e-01 9.168564119523131550e-02
4.126259703782196309e-01 2.327011597460141856e-01 9.601854184833620576e-02
4.097351646105631406e-01 2.250609297343610371e-01 9.221537709211480305e-02
