6.956616780570681335e-01 3.880108940681480101e-02 2.699243096718711640e-02
6.820334959805087749e-01 3.803780072104959165e-02 2.594305420518737068e-02
6.905702066016182750e-01 3.805667457153326383e-02 2.628080562143427987e-02
5.683920479340727992e-03 9.859229411243576324e-01 5.603907596108579151e-03
6.929406727394644694e-01 3.965081497466178134e-02 2.747566240321016803e-02
6.922215627895027534e-01 3.982962260604230864e-02 2.757092360567071562e-02
6.622507444229132068e-01 4.036127796717384197e-02 2.672928637962100271e-02
6.818593622567927781e-01 3.782028669118257802e-02 2.578811656361882157e-02
6.820743479191203607e-01 3.813183743033515816e-02 2.600874815025375902e-02
6.830273503707618987e-01 3.788127672388429124e-02 2.587394806937630409e-02
