5.756996765893667156e-01 7.538216775094655486e-02 4.339748959482531837e-02
5.651718757931950554e-01 7.773085228141647651e-02 4.393129159089190217e-02
5.807688337704239867e-01 7.494546473198809844e-02 4.352599014877917005e-02
5.563170451490588864e-01 7.909606333519786370e-02 4.400248823756008898e-02
5.629491618569617550e-01 7.786156195076134046e-02 4.383210104105499799e-02
5.768790267929283511e-01 7.515462832920186131e-02 4.335512884953421353e-02
5.645824532978239718e-01 7.776630258132524731e-02 4.390548989526550649e-02
5.641145314647815212e-01 7.800296673315251783e-02 4.400260703153527353e-02
1.403588350515079242e-01 7.465477828905564550e-01 1.047845771168045698e-01
5.765169880664090529e-01 7.526016295588863758e-02 4.338876246871604947e-02
