6.148453447974654429e-01 1.276847830368509074e-01 7.850639445168215713e-02
2.091332428236273300e-01 6.146826819134989517e-01 1.285505825760942522e-01
6.979014139236697778e-01 7.905075891450809300e-02 5.516963641817434344e-02
2.556804957148476887e-01 5.553291439402056051e-01 1.419868308075337704e-01
6.383089368262949703e-01 1.147983737318453434e-01 7.327682788616186882e-02
6.122156781549007443e-01 1.238326611237482583e-01 7.581229660760155364e-02
7.223450938851874170e-01 6.469226792416628291e-02 4.673014234732759259e-02
7.094670440217322183e-01 7.286780113699009576e-02 5.169730347702378159e-02
7.196214678544867738e-01 5.498729183609592230e-02 3.957003566443438591e-02
7.016130548116644716e-01 7.457789815159525382e-02 5.232482694357393216e-02
