6.965358574092670452e-01 3.353881537545251590e-02 2.336098752403192522e-02
7.032191373995479999e-01 3.207553420671632738e-02 2.255612949647674975e-02
7.879391610191347484e-01 2.588835557639639420e-02 2.039844917303081442e-02
6.953928455186976221e-01 3.345114360482633054e-02 2.326168593721476482e-02
6.950025010452983709e-01 3.370393394753314759e-02 2.342431838860107446e-02
7.096102934569822329e-01 3.051359038288843986e-02 2.165275782602761601e-02
9.897663589635873668e-04 9.907082768595800726e-01 9.805697239823963143e-04
5.223888464170094387e-04 9.911873951715939324e-01 5.177852399467694749e-04
7.835481140737748929e-01 2.707109473828171395e-02 2.121150522809312627e-02
7.383667182271851370e-01 2.789649611986141919e-02 2.059784429005948048e-02
