5.211382228452534626e-01 1.542816964020956583e-01 8.040208908053907144e-02
6.187051443779257864e-01 7.849538749928737513e-02 4.856550005574782752e-02
6.191192099845332919e-01 7.837866003302561280e-02 4.852573407929312854e-02
6.426662448708320152e-01 4.552764735432424797e-02 2.925908216300703371e-02
5.822886792673716005e-01 1.031912580725361239e-01 6.008710137499555931e-02
5.794805739045991722e-01 7.227290779342580851e-02 4.188074608588856357e-02
5.564828490816392526e-01 1.081727781053836435e-01 6.019629575315985776e-02
5.258488669908293334e-01 1.436272215089266502e-01 7.552621169950994584e-02
6.410062443525833542e-01 4.556753880645544874e-02 2.920907691471660503e-02
4.261178350279929972e-01 2.666963187918359179e-01 1.136440579735125689e-01
