6.916691225979307855e-01 3.425551660228854517e-02 2.369348311244377087e-02
6.804963920157924839e-01 3.566380529552538176e-02 2.426909082915873483e-02
6.799514625583646943e-01 3.578600162642367466e-02 2.433274414500279439e-02
6.916608670114112734e-01 3.306261574398926262e-02 2.286811747115274907e-02
6.911791407378559127e-01 3.314190236860657668e-02 2.290699160155140399e-02
6.900429544372089774e-01 3.456378276830538582e-02 2.385049477796734319e-02
6.943787841775063141e-01 3.310938499382869854e-02 2.299045449687974266e-02
6.905573947575619487e-01 3.458227876332023443e-02 2.388104832757818180e-02
6.883404590099492237e-01 3.369421169539671412e-02 2.319308914438777264e-02
6.925892300765609244e-01 3.340298589647684030e-02 2.313454828429911680e-02
