3.137249032465094789e-01 3.896532629378693935e-01 1.222439322148697882e-01
1.794475728102050416e-01 6.480976368868571758e-01 1.162995478833761254e-01
2.903552955785063672e-01 3.978568659498506466e-01 1.155198479108070636e-01
4.135994423118457552e-01 2.529588608638291269e-01 1.046236437811195186e-01
4.214330824296576572e-01 2.221925418141901809e-01 9.363928778963476196e-02
4.174718105314333405e-01 2.222116997559052676e-01 9.276712061836503431e-02
4.785376870191277443e-01 1.741173619721793908e-01 8.332171966803895991e-02
3.969435832219084248e-01 2.865360975009048627e-01 1.137386652644312990e-01
2.818378590770798664e-01 4.188952743843107895e-01 1.180605473099800851e-01
2.955472276253418018e-01 3.974808511068214645e-01 1.174743635787823537e-01
