7.656639754001444143e-01 2.554539514962141100e-02 1.955918880342669489e-02
6.185700340645543527e-01 9.778959249005456100e-02 6.048971155773193858e-02
6.192575078357752671e-01 9.879435600626952640e-02 6.117914668868282280e-02
5.590682472019821159e-01 8.195166459669053771e-02 4.581657348135650953e-02
5.623224838325269204e-01 8.119568526590800750e-02 4.565815941520950244e-02
5.567434374813995390e-01 8.233183341545979861e-02 4.583770794986904290e-02
5.627695918308817102e-01 8.099763834969081477e-02 4.558300787332086879e-02
4.511893244031013883e-01 2.673908160843025961e-01 1.206438816606704295e-01
4.713707492536494126e-01 2.351906627229260749e-01 1.108619989051680133e-01
7.685432738368005445e-01 2.465625384857027952e-02 1.894939805333141492e-02
