4.579369594146663093e-03 9.869243673490876168e-01 4.519491439560843933e-03
4.453467248780975662e-01 1.143369415327161187e-01 5.091958244417365415e-02
2.952157918470393327e-01 3.041104519125571448e-01 8.977820787032653183e-02
4.398164319375224007e-01 1.157371944049275791e-01 5.090311988563463175e-02
4.398383945228553915e-01 1.157339502761491334e-01 5.090423488124941331e-02
4.062531854093457961e-01 1.462337604561409488e-01 5.940793099969449154e-02
4.426783754008279392e-01 1.151597122436708864e-01 5.097871432765506416e-02
4.068969443301450051e-01 1.460344957703425539e-01 5.942099009574586949e-02
4.063882778396142870e-01 1.462338530677096959e-01 5.942772371003773868e-02
4.382325811918502123e-01 1.160688623096395033e-01 5.086515712595477551e-02
