5.785119698248692988e-01 6.734285143370002946e-02 3.895864563653332613e-02
5.886944911959709481e-01 6.340716318579112110e-02 3.732744766983920465e-02
5.786973792320072585e-01 6.262854976747979363e-02 3.624297761554189090e-02
5.761101400134857053e-01 6.030692736503037027e-02 3.474343236805076118e-02
5.831180923961668539e-01 5.788776020095644237e-02 3.375540030146846615e-02
5.833516933884314026e-03 9.851410711590529168e-01 5.746837120871267288e-03
5.993324392767407360e-01 5.603352243839395536e-02 3.358270768427063652e-02
5.995911519166223780e-01 7.271593976849033414e-02 4.359983408848885217e-02
5.835370129019595842e-01 5.782748667538305243e-02 3.374447883818089411e-02
5.991270318392992733e-01 6.618831171486884435e-02 3.965520674018369052e-02
