5.866978818971351206e-01 6.461367293818903734e-02 3.790870505442974631e-02
1.126893653730290205e-02 9.782363591123386382e-01 1.102368344931919583e-02
5.949580043300034538e-01 6.078268098023383720e-02 3.616314257382718250e-02
5.851031177902179525e-01 6.369862032115194972e-02 3.727026134884133673e-02
5.883111535335944220e-01 6.199716526396151228e-02 3.647362381225408706e-02
5.858951196849080389e-01 6.291325864981564542e-02 3.686057120640131440e-02
5.865268446312537076e-01 6.470789968644830026e-02 3.795292022580821351e-02
1.118284036640241653e-02 9.783351032928678803e-01 1.094056528497196028e-02
5.912106992895894697e-01 6.261401035667853165e-02 3.701807284829751465e-02
5.882899183793940390e-01 6.226535651999322296e-02 3.663008150501068094e-02
