2.757557077154840774e-01 3.950568233215309144e-01 1.089391739028597178e-01
3.453891926724966810e-01 3.632028240574984856e-01 1.254463301775902706e-01
3.293815482349907731e-01 3.347678403827806237e-01 1.102663495645645475e-01
3.249577137079350808e-01 3.795972942032061481e-01 1.233530688539922621e-01
3.178281780557457581e-01 3.898278220806851158e-01 1.238982664473435719e-01
3.768329293675441449e-01 2.765915164164368112e-01 1.042287913694170537e-01
3.302202211765692952e-01 3.326266314658916645e-01 1.098400398118839494e-01
3.787512894997113744e-01 2.768857376778139368e-01 1.048708301895508455e-01
2.760719860920549662e-01 3.945144447691696366e-01 1.089143863094289844e-01
1.797065095671837032e-01 6.084103172337509413e-01 1.093352944947403316e-01
