7.741823029144984103e-01 2.119986541993115065e-02 1.641256063227973863e-02
6.518492164666896960e-01 1.165676274427210474e-01 7.598451661391870948e-02
7.785038621199845688e-01 2.121311538274598535e-02 1.651449225306460267e-02
7.735144462964582690e-01 2.146514720015684982e-02 1.660360145120129763e-02
7.793008023829148812e-01 2.091468822273472722e-02 1.629883331356567211e-02
7.665371719190557931e-01 2.253020099421767716e-02 1.727023655287551751e-02
6.978308794590927233e-01 7.139072046797689808e-02 4.981864924938657346e-02
7.782486366694494340e-01 2.094124547206013473e-02 1.629749573879108251e-02
9.228219841930937689e-04 9.908524122305586435e-01 9.143803890971173836e-04
6.547386047325015612e-01 1.139281087378752472e-01 7.459313095484916556e-02
