5.608857161785013590e-01 8.142132466805765412e-02 4.566805799864579601e-02
5.562555478282398269e-01 8.262424931461449795e-02 4.596019706639795782e-02
7.318143456101400268e-01 4.213688741889597134e-02 3.083637869250749688e-02
5.411386517088618842e-01 1.312481677261404800e-01 7.102345652258222619e-02
3.799154907202088038e-01 3.225196701719502124e-01 1.225302187602963500e-01
5.876889372854520177e-01 9.663534487375734228e-02 5.679152313307160582e-02
6.454808148809387802e-01 8.313502416033387299e-02 5.366206314015883883e-02
7.595940452885576732e-01 2.760056663818587566e-02 2.096522606495601626e-02
5.562557039306267326e-01 8.214815537092989839e-02 4.569537999245910920e-02
5.552472485529508228e-01 8.340219184142326492e-02 4.630883754323562862e-02
