3.619162447575974273e-01 2.942321856646349376e-01 1.064874077225648613e-01
3.642318454838458508e-01 3.010121418194672827e-01 1.096382079279497046e-01
3.525780566055011223e-01 3.056856217541822351e-01 1.077780424503338719e-01
3.663396643166808020e-01 2.930358982865370887e-01 1.073506726110270149e-01
3.717079255073554855e-01 2.862116617936368845e-01 1.063871430613256008e-01
3.777644478532751204e-01 2.810364132418020633e-01 1.061655654749542183e-01
3.726291857723281198e-01 2.860192751856299176e-01 1.065791296276127342e-01
3.649609050261153897e-01 3.033231503664414741e-01 1.107010914731089701e-01
3.755463883597313091e-01 2.763270751150412874e-01 1.037736350654619444e-01
3.652688150041281667e-01 2.937889676766591851e-01 1.073119480845394075e-01
