7.083474652950411121e-01 3.693526896692724687e-02 2.616300415271350863e-02
7.016889867196082209e-01 3.368886265595187612e-02 2.363910390079092261e-02
7.127162557622188643e-01 3.322788055541842089e-02 2.368205061637205372e-02
6.818984011341053808e-01 3.655802718869381740e-02 2.492886028858746703e-02
7.081874454480396874e-01 3.570279445930116258e-02 2.528427080348891534e-02
7.137316092488734665e-01 3.316702437113866475e-02 2.367235367840940519e-02
7.045569450683054624e-01 3.473290092200870260e-02 2.447130656697058329e-02
7.127817471003798921e-01 3.323883630990030758e-02 2.369203581655428617e-02
7.096157804171248085e-01 3.349246909291401370e-02 2.376678459346460992e-02
7.046442166057967915e-01 3.393151080955858490e-02 2.390964285265253370e-02
