6.967319787693876387e-01 3.749235095489601710e-02 2.612211986952104117e-02
7.071858299654391056e-01 3.618403840199620192e-02 2.558883922881700565e-02
6.998392926268225400e-01 3.748461875668510079e-02 2.623320907506462504e-02
6.828245871015177215e-01 3.786634174420448751e-02 2.585606916653139520e-02
6.790606476924493373e-01 3.943454882753153617e-02 2.677845026828308203e-02
6.907075784146613495e-01 3.674985286590916334e-02 2.538340188010721962e-02
6.675440982640957754e-01 3.900249994469028036e-02 2.603588865562371860e-02
6.994961184291800249e-01 3.736486525091058108e-02 2.613657820864130274e-02
6.582584865090692627e-01 4.153127772216438918e-02 2.733831601617975685e-02
6.683870441824524278e-01 3.901094165172579870e-02 2.607440798137112409e-02
