5.912901398921751595e-01 6.158844015830439167e-02 3.641663739694465940e-02
5.841529276975779839e-01 6.336520106237240879e-02 3.701496771473052061e-02
5.966961277702333977e-01 6.181225988628097356e-02 3.688313612287118237e-02
1.062370399541947771e-02 9.793187308923311241e-01 1.040399231416999117e-02
5.836581085366482347e-01 6.451460929515009934e-02 3.765447483418817021e-02
5.862443462354515189e-01 6.467340216088277027e-02 3.791441636862915437e-02
1.062487949092933738e-02 9.788781752021076255e-01 1.040046264782320748e-02
5.978397469661427266e-01 6.046617458553618651e-02 3.614908251422756236e-02
5.843589159661051191e-01 6.532813051894673095e-02 3.817507553214394278e-02
5.883979874741259719e-01 6.206195674061691647e-02 3.651713044488526239e-02
