5.317763967373156930e-01 1.089661470916211128e-01 5.794562506673060776e-02
5.203613395034548672e-01 1.101665651232221765e-01 5.732642139601448750e-02
5.177135600730089493e-01 1.103431926843009281e-01 5.712616711441143025e-02
5.277186420784134580e-01 1.092259948734557590e-01 5.764059369428382179e-02
5.166027702125858267e-01 1.106263857812992690e-01 5.714989735322541925e-02
5.337639223384095244e-01 1.083602100779585131e-01 5.783877075662519074e-02
5.256556529356155583e-01 1.088292438803072637e-01 5.720670725039225801e-02
5.139785957927688331e-01 1.119177486307205566e-01 5.752332728550582641e-02
5.283466434571453263e-01 1.081188688297996664e-01 5.712424144060802844e-02
5.180850772456149222e-01 1.100290299814901257e-01 5.700439849722039459e-02
