3.597464597828591848e-01 2.842811043148599781e-01 1.022691208604325774e-01
3.120728941114154220e-01 3.666638438563109004e-01 1.144258469182550669e-01
3.596638959289720217e-01 2.901113922676963330e-01 1.043425935963779166e-01
4.288589181604475220e-01 2.334924168562059199e-01 1.001353052916207076e-01
4.433650506356872634e-01 2.076165552179307650e-01 9.204992451700483302e-02
2.606787713120038985e-01 4.430937551767560878e-01 1.155051356754986380e-01
2.438551413298657433e-01 4.801476540533867743e-01 1.170864740383921188e-01
3.469379307353800401e-01 3.356642678416858483e-01 1.164546665068008635e-01
3.596902808213037761e-01 2.840020721997992270e-01 1.021527851033779688e-01
2.603816371443635203e-01 4.436327478519128675e-01 1.155138211765336931e-01
