5.172924237588433704e-04 9.911953156815026533e-01 5.127378272672964213e-04
2.847290198288296437e-01 4.301965752734352999e-01 1.224894492113245692e-01
2.803379333839337018e-01 4.061513773482083867e-01 1.138596377668349563e-01
3.968417026410036019e-01 2.291017082015283091e-01 9.091711196065686840e-02
3.290679713105650883e-01 3.600996433930278018e-01 1.184972591210015913e-01
3.980877705132421784e-01 2.667535659736244291e-01 1.061913323548972082e-01
4.062371722468361424e-01 2.196685540980208573e-01 8.923753224833114173e-02
4.530175853027681443e-01 1.912435713002227922e-01 8.663670087510469409e-02
2.830389351333874037e-01 3.957135649659954679e-01 1.120023460458118708e-01
3.959238894780005014e-01 2.298472838852755884e-01 9.100203062181246028e-02
