2.915520688036403740e-01 4.217079067579017071e-01 1.229498126461189139e-01
3.161931659938454486e-01 3.468120147394013753e-01 1.096595889451555117e-01
3.156208770623235571e-01 3.472493169926060275e-01 1.095991339884991311e-01
3.137732479825107168e-01 3.487692334315725673e-01 1.094344551701949830e-01
3.158454676595501831e-01 3.428332154038742918e-01 1.082823172484639745e-01
2.828473707259293035e-01 4.362060510478876774e-01 1.233797346336355238e-01
3.133216589566214516e-01 3.427660754481064997e-01 1.073960353934512030e-01
4.228932837200161665e-01 2.111476222099989974e-01 8.929291130605988835e-02
2.918024109730575355e-01 4.243949394128245234e-01 1.238394665254268778e-01
3.146652867197469172e-01 3.463437619903979026e-01 1.089823591703043409e-01
