3.245954578013006131e-01 2.911883526310137249e-01 9.451841662867045690e-02
3.364158294557313411e-01 2.925611881854033869e-01 9.842221478994678252e-02
2.714902517012696692e-01 3.991140300378882011e-01 1.083555684724943763e-01
3.322366369896914140e-01 3.427544662258663610e-01 1.138755911720786135e-01
2.875296632289086607e-01 3.493506528188033977e-01 1.004486755537899317e-01
3.672939873565736479e-01 2.548650945238944976e-01 9.361041680569125167e-02
4.764050117544133545e-01 1.669723347748621745e-01 7.954645711108006279e-02
3.829661277914544470e-01 2.783951192510851214e-01 1.066159008156282589e-01
3.405221572806839125e-01 3.049977376668674967e-01 1.038584875960498199e-01
3.911355036172718957e-01 2.444884436632408509e-01 9.562811054082472062e-02
