3.423152059606158759e-01 2.988117316188064199e-01 1.022877994525399903e-01
3.311346928003663925e-01 3.113921875965197095e-01 1.031127563802076152e-01
3.428806845094384270e-01 2.987511243774036984e-01 1.024359900244885546e-01
3.427977141568586128e-01 2.987478694178853367e-01 1.024100867456827768e-01
2.304621827734351647e-01 4.581841917171786127e-01 1.055941289354230816e-01
3.943092468588905164e-01 2.372058252812821733e-01 9.353245031720394675e-02
2.367671225668339374e-01 4.319747893113870529e-01 1.022774278866714487e-01
3.282500249617005816e-01 3.004796291845061584e-01 9.863244578029668752e-02
3.122057323350236335e-01 3.418496401407415952e-01 1.067274172486045170e-01
3.281995492980425699e-01 2.970694447125788451e-01 9.749805786488814630e-02
