3.467994996540235686e-01 3.045397962762734778e-01 1.056142489733499085e-01
4.221726613628081770e-01 2.207079220669073694e-01 9.317685084284153818e-02
3.609072358622322230e-01 3.016828255234049738e-01 1.088795146667601715e-01
3.504785200177763516e-01 2.948993163211333646e-01 1.033558759384849007e-01
2.382702973589908013e-01 5.103762532721102252e-01 1.216075016321132990e-01
2.231955755948567821e-01 5.407833978536926711e-01 1.207004617560973742e-01
3.452716596973245955e-01 3.198783615278574799e-01 1.104449327859841762e-01
3.545976645664604132e-01 2.934062535399829530e-01 1.040411722744727097e-01
3.596129075729140867e-01 3.106737699765705907e-01 1.117222977279132556e-01
3.510151620126317762e-01 3.016710892771812258e-01 1.058911262771568690e-01
