6.552700151641503989e-01 4.407048652010567280e-02 2.887806837032113119e-02
6.258447862247313864e-01 7.621034233747980835e-02 4.769584540831364738e-02
1.769488282679868713e-02 9.716254701863672461e-01 1.719279884648095003e-02
6.261015899881116065e-01 7.615666772576119847e-02 4.768181075129539204e-02
1.769488282679868713e-02 9.716254701863672461e-01 1.719279884648095003e-02
1.600222266729247125e-02 9.744692263671781429e-01 1.559367354275181632e-02
8.170927806044211983e-02 8.634557828286303360e-01 7.055234865204128292e-02
1.769488282679868713e-02 9.716254701863672461e-01 1.719279884648095003e-02
1.634888802293365737e-02 9.743094183374859663e-01 1.592887558008918361e-02
1.970550231124535215e-02 9.709802486259465626e-01 1.913365353347217662e-02
