6.173510163799207362e-01 8.457650652869949659e-02 5.221339226735563499e-02
6.182001928169789107e-01 9.157280890779907756e-02 5.661032812359375471e-02
5.660868297227531487e-01 1.068873764558222750e-01 6.050753607525887617e-02
4.815449768074962500e-01 2.135306538731394921e-01 1.028246137670304622e-01
6.674423845921360066e-01 4.035104074626819082e-02 2.693199485646368546e-02
4.649055754801714735e-01 2.360307382600215220e-01 1.097320062017850262e-01
5.067813633301621046e-01 1.990287768988250605e-01 1.008640748987212343e-01
6.254907459934985203e-01 6.500983010664061756e-02 4.066304713031324014e-02
6.110776320752855373e-01 5.944115260332542144e-02 3.632315878066579018e-02
5.604259888713383209e-01 9.153678860750413815e-02 5.129959527346716203e-02
