3.160420021133258373e-01 3.303364295672610584e-01 1.044001865714048322e-01
3.550209360261041835e-01 3.248691059087898125e-01 1.153353340657021359e-01
3.144032966844738097e-01 3.451559390454224108e-01 1.085181651061060959e-01
2.867267606682494807e-01 3.952366614851700599e-01 1.133249276449762866e-01
3.053433389078096249e-01 3.661455696452751152e-01 1.118001107617902501e-01
4.521440476137842390e-01 1.963298811695818047e-01 8.876938713954800331e-02
3.134890052199598709e-01 3.513949937395740020e-01 1.101584670266930743e-01
3.054592505571627759e-01 3.547987237060866716e-01 1.083765522418990990e-01
4.404797709160143127e-01 2.088084718316761679e-01 9.197590783773974821e-02
3.125871733328783875e-01 3.406375023767198584e-01 1.064789139991104971e-01
