4.368762689857723647e-01 1.162911559978790227e-01 5.080484634839581293e-02
3.184574186508751931e-03 9.886353866812620517e-01 3.148382732294245558e-03
4.360899780998969688e-01 1.164252174029748177e-01 5.077187050753902836e-02
2.962494628759202442e-01 3.014147966571993353e-01 8.929397161255002435e-02
4.028451751910930856e-01 1.473536644005909446e-01 5.936071275050559815e-02
4.362045999129491314e-01 1.164081320478625725e-01 5.077776266655164433e-02
4.374847646086209574e-01 1.161917218451980066e-01 5.083210808091680882e-02
4.364223403999529238e-01 1.163805811993969264e-01 5.079108562414756667e-02
4.355572783720979002e-01 1.165063622546064215e-01 5.074519405665008781e-02
4.029694552710854638e-01 1.471092725798134326e-01 5.928054343681304905e-02
