3.484301804905213795e-01 3.036659603671140739e-01 1.058063853795410680e-01
2.437363858556967910e-01 4.851318236919339721e-01 1.182442773702550853e-01
4.378524864008994100e-01 2.287242368029567541e-01 1.001474757843227176e-01
3.507638615970435358e-01 2.975841764595490990e-01 1.043817748851274679e-01
3.473923003697448886e-01 3.247695055152142740e-01 1.128224256108748408e-01
3.528431271281348702e-01 2.993136025755003260e-01 1.056107475247272942e-01
2.674798920534752211e-01 4.042269706896850501e-01 1.081225864851802498e-01
4.147452626376428864e-01 2.906383715287771952e-01 1.205408877322795280e-01
3.551922763601711441e-01 3.013736532178913352e-01 1.070455939214436381e-01
3.532193627412322234e-01 3.113205862472628316e-01 1.099644590824850054e-01
