3.999543450230454433e-01 2.603141186716007582e-01 1.041137628335514070e-01
2.286500052008575146e-01 4.652978226894496916e-01 1.063903495778903557e-01
3.612705128669677079e-01 2.812555174171985084e-01 1.016093250239756690e-01
3.663967788832865335e-01 2.785595657493735722e-01 1.020633276176975412e-01
2.702082828211966881e-01 4.173360809805207738e-01 1.127676658010744043e-01
5.024411492742462126e-01 1.365300439678812094e-01 6.859831220168560728e-02
3.671128005732862687e-01 2.784694532602777217e-01 1.022297008604923924e-01
5.027670111202540149e-01 1.504128801180962260e-01 7.562263417096432017e-02
2.303015882842563700e-01 4.625268334797455472e-01 1.065206643744731618e-01
3.628152239438469651e-01 2.812137479287913910e-01 1.020286289308729860e-01
