5.762695857564459345e-01 1.363306521298427720e-01 7.856320842877062560e-02
3.252635455669097841e-01 3.267203055566680336e-01 1.062702049940659754e-01
3.301310597690778614e-01 3.215835023377545676e-01 1.061647024310146403e-01
4.586537721844163307e-01 1.845349439161764471e-01 8.463764812699403617e-02
3.324209793504140364e-01 3.337225359130863156e-01 1.109363722195318702e-01
3.182472137922829902e-01 3.716487394074827200e-01 1.182761758258456253e-01
4.498728597905803372e-01 1.868187502726348370e-01 8.404468544765249238e-02
3.313103834833914796e-01 3.198493798690698053e-01 1.059694207013464756e-01
4.623486671787533919e-01 1.914207387651959413e-01 8.850312343846067353e-02
3.303899450465688226e-01 3.214798444598587768e-01 1.062137081446722364e-01
