4.822788721997392503e-01 1.114884549340325048e-01 5.376852630887665047e-02
4.890626593273756373e-01 1.064084784194530287e-01 5.204041343079735676e-02
5.124790821536955310e-01 9.776730903463612399e-02 5.010370079870702514e-02
2.354450258411368985e-02 9.619987436796340052e-01 2.264978190647926742e-02
5.325325987118496585e-01 9.283072592883789831e-02 4.943538771919153002e-02
4.968200509444571922e-01 1.115903306039663506e-01 5.544031373557137959e-02
4.708527061340504472e-01 1.212777488811394022e-01 5.710395625453029700e-02
5.333950972038949967e-01 9.479965403372608845e-02 5.056567067821494260e-02
5.209440592279699356e-01 9.793116000714809088e-02 5.101665601902755781e-02
4.880691379587604461e-01 1.087747459913258746e-01 5.308959650766955501e-02
