6.340380519508023172e-01 4.590523565563980890e-02 2.910566618944437564e-02
3.920813461244031517e-01 3.199291545529328040e-01 1.254382535815561084e-01
3.543895465736288108e-01 3.798894648481607184e-01 1.346288551956381641e-01
5.861177889551596465e-01 1.101297621290142914e-01 6.454901267721553648e-02
6.008039446299189290e-01 9.976485156896429396e-02 5.993911635805210247e-02
4.951396027592608884e-01 1.084116767469926051e-01 5.367891455897132180e-02
3.553927181125074997e-01 3.666758526754217429e-01 1.303139279485394930e-01
4.462918299039250192e-01 1.990596625588583468e-01 8.883870106345072293e-02
3.409859080648124929e-01 3.836066024601073043e-01 1.308044456795172117e-01
3.623083820815164446e-01 3.781692024212829351e-01 1.370138718823125101e-01
