5.623818082255350737e-01 6.687657879773895031e-02 3.761017131220990850e-02
5.897037654683364716e-01 5.958429459362447889e-02 3.513708288463499724e-02
3.298927056864799871e-03 9.883068711096243408e-01 3.260352277588932091e-03
5.506417071792898410e-01 1.778680621916076954e-01 9.794157341785895976e-02
5.691538430603363397e-01 6.791976558708844036e-02 3.865679560364856937e-02
5.829700429907150872e-01 6.202836185645258654e-02 3.616067677809979564e-02
5.549381959630124150e-01 7.034237223287428953e-02 3.903566914666995596e-02
4.257301403278708832e-03 9.870171424090139478e-01 4.202029465438036557e-03
5.890913147568643815e-01 6.140473222195757391e-02 3.617299443692618272e-02
5.933309269958473298e-01 5.781018345128090263e-02 3.430056973694849132e-02
