1.491193254213432108e-02 9.757466876893113872e-01 1.455026878503401684e-02
1.376362178961594400e-02 9.774903902536832279e-01 1.345380803443578695e-02
6.560298452841545336e-01 4.391655174581227811e-02 2.881056864721879412e-02
1.411969314327971882e-02 9.763838370639136288e-01 1.378624016940048318e-02
1.340334794609792171e-02 9.774917706651752303e-01 1.310166231667269678e-02
6.258062313659870091e-01 7.673243506208292375e-02 4.801963600973743751e-02
1.386920769662190397e-02 9.766999257323708550e-01 1.354605412725743904e-02
5.924251156929715156e-01 7.951179134821259598e-02 4.710478218842025638e-02
1.320246656966039302e-02 9.773338158020618005e-01 1.290321703052534942e-02
5.352427995887532042e-01 9.045418542820032881e-02 4.841495144311015048e-02
