5.477035784803065965e-01 7.218739522772782413e-02 3.953729468739873576e-02
5.872549874991430663e-01 6.481231559294152456e-02 3.806135558332338770e-02
5.641907529759354611e-01 6.674800594036245371e-02 3.765860773113530874e-02
5.795618696917618218e-01 5.803142150756150641e-02 3.363279914979306479e-02
5.432277320997629388e-01 7.681840787070035037e-02 4.172988949111513385e-02
5.951151660887473716e-01 5.294548200052660858e-02 3.150865931439218032e-02
5.787875467616296898e-01 6.306452593979949839e-02 3.650096225638171238e-02
5.747458288233118218e-01 6.284217853710714896e-02 3.611827998837218584e-02
5.042576841301866786e-01 9.131826189027371365e-02 4.604793525958330441e-02
5.745881917779596115e-01 6.285450590624763745e-02 3.611545689376791102e-02
