6.418629065936305444e-01 5.223118836142968263e-02 3.352526237650666624e-02
6.389793601361164477e-01 5.163189765592490765e-02 3.299171692679634532e-02
6.596529420148831147e-01 5.666474412847338771e-02 3.737906517286804231e-02
6.714769732056680152e-01 5.065545555845125253e-02 3.401397197474308187e-02
4.083176506282123856e-03 9.877172017983325558e-01 4.033023673233671232e-03
6.796574144006954921e-01 4.555159085935731045e-02 3.095947646530914504e-02
6.258954237934941656e-01 5.167564162684935847e-02 3.234354761583761034e-02
6.815528448881754686e-01 4.301779555056625681e-02 2.931890093830633037e-02
6.449025501568300678e-01 4.884588332904677560e-02 3.150083472356525471e-02
6.617700193242719298e-01 5.337504486053903929e-02 3.532200446879280031e-02
