3.560793988041350278e-01 3.117374250945570413e-01 1.110032749124189450e-01
3.702544104000032865e-01 2.483377707399227474e-01 9.194815488536128845e-02
3.723888984195030671e-01 2.941506341005237779e-01 1.095384306020923681e-01
3.843247674110623624e-01 2.475426781458675007e-01 9.513678220272199504e-02
3.656246822585976775e-01 2.491179076401274783e-01 9.108365582584829201e-02
3.047713228166613608e-01 3.183261462233086259e-01 9.701668067160773568e-02
3.048760098406981811e-01 3.183547831970197639e-01 9.705873601480793922e-02
3.905746565795943370e-01 2.449100833448836223e-01 9.565567169530775349e-02
3.295651391536018049e-01 3.157435221825838911e-01 1.040580578249516164e-01
3.910416920373200322e-01 2.473817940198856646e-01 9.673659531276386503e-02
