2.857033009685092662e-01 3.449730457268728734e-01 9.855993790932807141e-02
2.888175903579849879e-01 3.354041796562561295e-01 9.687062696431658626e-02
2.824157083930231571e-01 3.586481132630304769e-01 1.012878609709999544e-01
2.818205710204806924e-01 3.585297842676226088e-01 1.010410685301511569e-01
2.852024489464650703e-01 3.452048089974342204e-01 9.845325691416495495e-02
2.878196938681393258e-01 3.353374989421153418e-01 9.651673628802713567e-02
2.849846635589456390e-01 3.452320364698084343e-01 9.838583576311800416e-02
2.852503490182214385e-01 3.450980706869815617e-01 9.843934510897633938e-02
2.877946544559614184e-01 3.352233263616047898e-01 9.647548137581603289e-02
2.857675929826127836e-01 3.450375643173212437e-01 9.860055424354433051e-02
