5.956713636454060712e-01 5.978217329544834036e-02 3.561052868858569087e-02
2.620001412737664199e-03 9.891847771332851202e-01 2.591665513547798411e-03
5.971842987398533475e-01 5.871737807084552452e-02 3.506509624708072786e-02
2.245407541044203408e-03 9.895981583303011808e-01 2.222051167318313779e-03
5.948317402358301864e-01 6.053858751516637271e-02 3.601027336306551752e-02
5.913720625854399504e-01 6.144100578847570826e-02 3.633449432045483818e-02
6.025643430291560687e-01 5.953742183405763555e-02 3.587512747308867211e-02
5.870072955396069547e-01 6.133940306297550743e-02 3.600667710201113647e-02
5.876261938291285070e-01 6.100326001692932265e-02 3.584711349491683657e-02
6.076462932651810478e-01 5.836190105688893182e-02 3.546339284512781131e-02
