3.005916515970863401e-01 4.427635957754296747e-01 1.330910405212011316e-01
6.239057106572009070e-01 5.565179468291152343e-02 3.472147251099055171e-02
6.076774164312669368e-01 5.610572842621553563e-02 3.409418409703694752e-02
6.010099168530188551e-01 5.704257611286052410e-02 3.428315392667230510e-02
6.057139771804574968e-01 5.554684952043745932e-02 3.364550314286856442e-02
6.329935738909736598e-01 6.736158448620907513e-02 4.263945010688424686e-02
5.939695610131890957e-01 5.838407744129774091e-02 3.467836484796765761e-02
6.431423613047968502e-01 6.524090109734773102e-02 4.195918718540093267e-02
1.985193536216200635e-02 9.676725942026116467e-01 1.921017379184587065e-02
6.030040895482761121e-01 5.654638237129245432e-02 3.409769981904989949e-02
