5.739982725107694028e-01 9.935537635960185743e-02 5.702981439506880218e-02
5.391200189763952766e-01 1.089435300926857864e-01 5.873363801092425229e-02
5.475539159693748603e-01 1.056503239701956920e-01 5.784924861331375984e-02
5.597545862918914539e-01 1.039222796516011266e-01 5.817097265289223468e-02
5.638676453659905441e-01 1.027632350569863684e-01 5.794486338177471524e-02
5.463018260465135612e-01 1.060525196133628167e-01 5.793668512161380402e-02
1.296260418217080792e-03 9.904426278807274553e-01 1.283871575036696225e-03
8.627895842720997594e-04 9.909132823567742276e-01 8.549496589343030936e-04
5.398155949235609041e-01 1.098881927823151250e-01 5.931936016186038774e-02
4.313984992937088003e-04 9.912899390224343410e-01 4.276409920592303023e-04
