2.829445455758385353e-01 4.465212063536400100e-01 1.263407398217059052e-01
3.616536945843040751e-01 2.893635619571068296e-01 1.046494012598618573e-01
3.619567511280464833e-01 2.873623230360612402e-01 1.040127328427409154e-01
4.232439176853369789e-01 2.318417601206734235e-01 9.812561483653794991e-02
4.130341402811368856e-01 2.361293744587731336e-01 9.752949317470199775e-02
3.748106990708390818e-01 2.968760861003118534e-01 1.112723333686724964e-01
3.600593947456051103e-01 2.913322074844362231e-01 1.048968982967471569e-01
3.580341514872026898e-01 2.870867038716430342e-01 1.027868444239415369e-01
3.854133632935103915e-01 2.846337656791437243e-01 1.097016569372957356e-01
3.934952933600934788e-01 2.761787051550436134e-01 1.086750206047946421e-01
