6.304243340702614384e-01 4.949099936509529507e-02 3.120033031721193215e-02
6.418068099098237500e-01 4.809370687193242899e-02 3.086686858421312102e-02
6.713309164410761198e-01 5.069893225404534243e-02 3.403576065269229428e-02
6.232761310898753404e-01 4.941886863369819582e-02 3.080160124485020398e-02
6.132718738372772149e-01 5.306237628153333274e-02 3.254166293243464236e-02
6.410559007119437380e-01 4.814979773097266547e-02 3.086671195352658562e-02
6.349396789856588397e-01 4.848714147023730492e-02 3.078641004004470036e-02
6.167857727032070025e-01 5.151462111809408662e-02 3.177348539183660892e-02
6.422679275045495295e-01 4.571127453774880001e-02 2.935888556095140808e-02
6.215660772694341363e-01 4.983883670634201013e-02 3.097813022723288831e-02
