4.008094263208238361e-01 2.511666447165475935e-01 1.006699587797656170e-01
4.207329578338241949e-01 2.391945835038694623e-01 1.006370446154126463e-01
4.098760994129668211e-01 2.498621159902884581e-01 1.024125094931697122e-01
2.858091205421132708e-01 3.959999008227279571e-01 1.131803833889079569e-01
2.993794519932852505e-01 3.551521686920960375e-01 1.063252616372665077e-01
4.099639334711717154e-01 2.498420245618198920e-01 1.024262191357647733e-01
2.746563886862074533e-01 4.535309974828655721e-01 1.245651859258972982e-01
2.951263987772953512e-01 3.659724902532355273e-01 1.080081430999962205e-01
4.101470394194385860e-01 2.497591353237867406e-01 1.024379699210100497e-01
2.884531949910834059e-01 3.847401482299784847e-01 1.109795249982803156e-01
