0.000000000000000000e+00 9.916666666666669183e-01 0.000000000000000000e+00
5.874926018365568270e-01 6.429549993344788050e-02 3.777313054228346317e-02
5.793067511366114530e-01 6.389115828145029707e-02 3.701257933038198250e-02
7.670263837052139488e-04 9.909515739565990522e-01 7.600860021989200689e-04
5.749268656649674236e-01 6.472975947072409642e-02 3.721487772775064484e-02
5.643028319553294869e-01 7.034759958757041964e-02 3.969734966852555419e-02
5.399068408048353085e-01 7.447026166892894983e-02 4.020700371158085484e-02
5.424232667407855590e-01 7.356049806785183720e-02 3.990092566504344074e-02
3.132596293400275074e-03 9.882376002102289947e-01 3.095749443417346314e-03
5.377140167070262322e-01 7.519047029645206659e-02 4.043096980119558620e-02
