6.286062663078700874e-01 7.702122913004917637e-02 4.841602726988317174e-02
6.111475873029168504e-01 8.527137923144464948e-02 5.211339768328945160e-02
6.123177448542943546e-01 8.484118828818328073e-02 5.194976508337895843e-02
6.550002074969744070e-01 6.618552020691338689e-02 4.335152946882345898e-02
5.607198707561661388e-01 1.259387165413929088e-01 7.061634086228726903e-02
5.856216847286089822e-01 9.651844960590785782e-02 5.652329706560510481e-02
5.768328317321298471e-01 1.002354200505400084e-01 5.781908118761249632e-02
5.959195958260186110e-01 9.149792684522750630e-02 5.452540758452659175e-02
5.786817681302329763e-01 9.988538444812392059e-02 5.780185088280842542e-02
6.172140352177084566e-01 8.823190631134500417e-02 5.445797092937604972e-02
