4.185145713174486248e-01 2.146713232155582629e-01 8.984307680970882171e-02
1.694193536477464970e-02 9.715171037608549831e-01 1.645937997768947073e-02
4.242766304793146315e-01 2.149814652363958023e-01 9.121161168600393221e-02
3.975914560259809494e-01 3.222136154904932104e-01 1.281093805342607694e-01
4.225058928431693062e-01 2.165299279900267104e-01 9.148517055269339560e-02
4.198706140225937355e-01 2.149515693587555898e-01 9.025184741178085557e-02
1.139086783293344861e-02 9.774955626592507496e-01 1.113452276153044200e-02
4.209617453123884467e-01 2.175995445500975289e-01 9.160108405298987566e-02
4.221479344831472469e-01 2.168658826920568661e-01 9.154948443831631422e-02
4.207440496007452957e-01 2.186380765828289108e-01 9.199066973837731476e-02
