3.147862589515051934e-01 3.522841713748965375e-01 1.108942163949346166e-01
4.023408303938044717e-01 2.692179605541815679e-01 1.083173778062959114e-01
3.148097946866614816e-01 3.522839006615489099e-01 1.109024224386784552e-01
3.481184973177620101e-01 3.121887402333997086e-01 1.086786751295762549e-01
2.371334769257419373e-01 5.124457775865264297e-01 1.215180489750084525e-01
2.914144027222938527e-01 3.701700859810577726e-01 1.078728945118301169e-01
2.921209268641949963e-01 3.655205043524047959e-01 1.067761885192925059e-01
2.189962299322751327e-01 5.387449606649312717e-01 1.179831152806318090e-01
2.182487374313019923e-01 5.627147192928411146e-01 1.228117770196720804e-01
3.157994598951455734e-01 3.711166001415466265e-01 1.171984218828231311e-01
