2.879538201041047518e-01 3.351866028774114770e-01 9.651826274626813806e-02
2.645356420221293692e-01 4.222526745345798194e-01 1.117008823535663026e-01
3.333099775395336750e-01 3.420421450675228958e-01 1.140060596900299705e-01
3.701235157713308466e-01 2.476510170445036518e-01 9.166146511285747089e-02
2.889981976099206817e-01 3.347697552279260136e-01 9.674785587518494601e-02
2.862102928731144469e-01 3.446768710809748892e-01 9.865006821867453035e-02
4.229121211208933806e-01 2.010987370322400714e-01 8.504709343303740177e-02
2.722346882029352266e-01 3.969641887953743731e-01 1.080674221644398608e-01
3.939988422010097247e-01 2.203208496910026293e-01 8.680615969099772511e-02
2.858519205290957488e-01 3.449133207561784209e-01 9.859413515422162100e-02
