5.358732834714551307e-01 7.585668607637256755e-02 4.064957144100918296e-02
5.350471546166790660e-01 7.597626762637869902e-02 4.065088581188923411e-02
6.521838363835717484e-04 9.910724675561783936e-01 6.463614440249213508e-04
5.356828505322464018e-01 7.585767946196426970e-02 4.063565796894646337e-02
5.360334289716404133e-01 7.581255768086539448e-02 4.063806525278455123e-02
6.521838363835717484e-04 9.910724675561783936e-01 6.463614440249213508e-04
5.355396165530454944e-01 7.585019595717341911e-02 4.062078485837801456e-02
5.352584762374874572e-01 7.590423613336227948e-02 4.062838577271393053e-02
5.356906225341043770e-01 7.582331935810890378e-02 4.061784114954756358e-02
7.937154426832309598e-04 9.909239564102183540e-01 7.865116467275551273e-04
