4.109199614374258180e-01 2.366688402149776382e-01 9.725195069457889807e-02
4.104089018535507227e-01 2.372650794513838923e-01 9.737570070583792536e-02
3.207358023008585746e-01 4.405884933236778322e-01 1.413125038906962727e-01
3.236986335704597484e-01 4.333475056905995992e-01 1.402739954532141176e-01
2.720052050945077071e-01 5.325564320502522708e-01 1.448581215242281395e-01
4.103914334442237966e-01 2.367788836174374301e-01 9.717202545708318595e-02
4.089733587572597640e-01 2.375040903132131787e-01 9.713284553398235377e-02
3.223790597331668284e-01 4.319316823757736179e-01 1.392457296332667571e-01
4.037294484480686285e-01 2.370911167202622016e-01 9.572066578540812387e-02
4.112677200279200584e-01 2.366048390222247333e-01 9.730793269224341513e-02
