4.081065172794398621e-01 1.722153595843809171e-01 7.028221062200809555e-02
2.484712212402134524e-01 4.580986095862112917e-01 1.138243209723296678e-01
2.534188172506733616e-02 9.574519973913138138e-01 2.426363527532015424e-02
2.523335791191044231e-01 4.550057580524999312e-01 1.148132314491885769e-01
4.135041183872925630e-01 1.605747270096961610e-01 6.639831092742458363e-02
4.086487962270801688e-01 1.728626411692352760e-01 7.064011022644170468e-02
4.142977649133761098e-01 1.605458180710699345e-01 6.651377359303378700e-02
4.135417219014375645e-01 1.604934510961006922e-01 6.637073812018563779e-02
4.097401250779743043e-01 1.721826672319495821e-01 7.055014760787825523e-02
4.133735246077644421e-01 1.602174403923136425e-01 6.622964803860509342e-02
