6.497626588120162250e-01 7.277807079760777176e-02 4.728847278466277726e-02
6.534315791511360327e-01 6.513392207391068001e-02 4.256056155706249011e-02
6.916904728656817491e-01 3.693670645076943537e-02 2.554876795103358869e-02
5.230647908410953617e-01 1.973368289704061362e-01 1.032199471706505001e-01
7.019816830437710653e-01 3.644716661970706650e-02 2.558524336587872025e-02
5.700052777487808475e-01 1.222837111638764296e-01 6.970236074611707577e-02
7.126375934846062021e-01 3.094709605775471453e-02 2.205406405993526331e-02
6.145259022247389069e-01 8.993217188361474212e-02 5.526564906580864328e-02
5.925237219843704217e-01 1.094345677262239108e-01 6.484257738289285478e-02
6.280909390848883334e-01 7.823505442386526065e-02 4.913872880244287561e-02
