3.949762444382924342e-01 2.564475398100937165e-01 1.012906861696303007e-01
3.770106386992311265e-01 2.763336449886161228e-01 1.041807239912447558e-01
4.222701845197250337e-01 2.428548736619046133e-01 1.025503723127269701e-01
3.963270130446508444e-01 2.615135357136932348e-01 1.036448784801536627e-01
3.437666585401368269e-01 3.159141102531024536e-01 1.086007380673894157e-01
3.718022655430604506e-01 2.881084751946548228e-01 1.071193837995293024e-01
3.943270035147975472e-01 2.599785225915107745e-01 1.025165517917145386e-01
3.894066162946315246e-01 2.750693437174684397e-01 1.071138223834043474e-01
3.946347285855434373e-01 2.528392098322796433e-01 9.977913294794493737e-02
3.395828759719053402e-01 3.071573563831302422e-01 1.043053784565108472e-01
