3.480507468233293156e-01 3.196923831658372017e-01 1.112691727145995874e-01
9.307509157374681263e-03 9.813354307463808546e-01 9.133788508128166603e-03
5.908495111243955433e-01 6.424236334482916200e-02 3.795756897576809535e-02
1.096668513288210148e-02 9.785344862441458513e-01 1.073127960230609891e-02
6.034277761214497104e-01 5.808498791726353361e-02 3.505009508495560838e-02
5.698425601352862246e-01 6.508030880923794392e-02 3.708552978625117430e-02
5.902723510185241551e-01 6.402030750196728570e-02 3.778941742211509164e-02
5.829886613293794317e-01 6.178882263711164141e-02 3.602218299432817517e-02
5.958653762382972729e-01 6.546215142674574605e-02 3.900662948926623963e-02
5.949450528626702983e-01 6.393903292015731821e-02 3.804021132067101491e-02
