5.743555338918604480e-01 1.014608970645628078e-01 5.827462770266406827e-02
5.538218826820656693e-01 1.015902035200653142e-01 5.626287777553679037e-02
5.311930832062407015e-01 1.042895394212574184e-01 5.539788199133650892e-02
5.608462883909354213e-01 9.945557808644581166e-02 5.577929182955798648e-02
5.279416919457835533e-01 1.053732833681139680e-01 5.563094950724457866e-02
2.209322108419743344e-03 9.894560072559136499e-01 2.186027032139215877e-03
7.131229847218267803e-01 3.284579925893880981e-02 2.342309440310840971e-02
5.545500981314771538e-01 1.008733793171886356e-01 5.593934239920067553e-02
5.526965761204871708e-01 1.005746566693452582e-01 5.558726838564064660e-02
6.571238750115324656e-01 6.731377531701904227e-02 4.423348887797520085e-02
