3.283078921077947077e-01 3.214835130299887322e-01 1.055455745102843595e-01
3.945691795719339368e-01 2.518891574352500884e-01 9.938769819229233138e-02
4.035926100514096726e-01 2.585302837202803072e-01 1.043409119839993904e-01
3.339775142362964022e-01 3.222995362828734445e-01 1.076407979672650977e-01
3.299246969400177476e-01 3.202137525631897352e-01 1.056464252704362033e-01
2.764735607427974973e-01 4.488275862592187027e-01 1.240889609326812915e-01
3.163330473878212534e-01 3.946621643544730440e-01 1.248446851389236195e-01
4.004463334701717225e-01 2.516844587985188619e-01 1.007861187172913731e-01
3.969986978679642675e-01 2.523785871434974792e-01 1.001939704657250491e-01
3.272237325442662326e-01 3.693468621279724640e-01 1.208590588290276296e-01
