2.222491686949313455e-03 9.896544888926356309e-01 2.199498874515954262e-03
5.840481681565795613e-01 6.047191117439350977e-02 3.531850894633192101e-02
5.984312543492701364e-01 5.816363334712061628e-02 3.480693606142842844e-02
5.776916749859825062e-01 6.340534082320314901e-02 3.662873754321332304e-02
2.249752738336130778e-03 9.896054537602604340e-01 2.226367579469515270e-03
6.123601602788240061e-01 5.481982578069006379e-02 3.356947730152057274e-02
6.137135487615213991e-01 5.412630496769521571e-02 3.321804670307259427e-02
6.138076403357297650e-01 5.410796456707341051e-02 3.321188205428460272e-02
6.018852192236582299e-01 5.644618962094669762e-02 3.397412721434368149e-02
5.912317990940980650e-01 5.949291814351606589e-02 3.517410502734891198e-02
