1.411097625578843547e-03 9.903401136927331150e-01 1.397466582947297625e-03
6.194648703149566726e-01 8.665399839946258398e-02 5.367910788079555129e-02
6.313074619548840749e-01 8.428801385301344651e-02 5.321165209876402985e-02
7.660582693841587465e-02 8.713344505603297652e-01 6.674929612510430155e-02
5.641549122151805484e-01 1.038728744271660565e-01 5.860039235399634033e-02
5.755494843818252937e-01 9.933443129823438245e-02 5.717188071506064395e-02
3.743081112097411856e-04 9.913349366989209210e-01 3.710647077320014184e-04
5.871873590844255419e-01 9.728642419510749595e-02 5.712535849789233261e-02
5.857078458589884962e-01 9.790910963844409731e-02 5.734613369630461865e-02
5.786184841842938464e-01 9.954117778590215737e-02 5.759636540439801167e-02
