4.357548046244044126e-01 1.164670256476418031e-01 5.075106600627365266e-02
4.013295286662140748e-01 1.473790634723872173e-01 5.914757007864120814e-02
4.361162220152261515e-01 1.164132963746342536e-01 5.076972700724431686e-02
3.533645551904605053e-01 2.093933381798586402e-01 7.399218380577142484e-02
4.358435489532055396e-01 1.164601681193127292e-01 5.075841298480822383e-02
4.356986857823185177e-01 1.164724415208006070e-01 5.074688970047077502e-02
4.361289133892234937e-01 1.164082229636231591e-01 5.076899179069542523e-02
4.358008512471934770e-01 1.164596295699674988e-01 5.075320570252465913e-02
4.370272379508003957e-01 1.162564473300799067e-01 5.080723407063752334e-02
2.908587871590351259e-01 3.047043720688087376e-01 8.862594410198908201e-02
