5.682911815505139463e-01 6.113115919605470461e-02 3.474029868907849150e-02
5.666591296491662044e-01 6.125743556849973237e-02 3.471208512378593652e-02
5.842118390959557539e-01 5.364580332166340310e-02 3.134051341832890664e-02
1.143069538465194121e-03 9.905194461831758890e-01 1.132232606189402654e-03
3.879581111789516257e-01 2.251336449810744100e-01 8.734242366969029170e-02
5.480224306237430065e-01 6.910693582520216482e-02 3.787215094388631659e-02
0.000000000000000000e+00 9.916666666666669183e-01 0.000000000000000000e+00
5.667634462517436855e-01 6.125685929298373134e-02 3.471814867944961192e-02
4.067193446401189405e-01 2.171130938024599666e-01 8.830409522412518974e-02
4.949364095520278339e-01 9.218986772218112913e-02 4.562812212749271096e-02
