4.676244532185509506e-01 2.343449189043800285e-01 1.095854145672063712e-01
3.643707953418670598e-01 2.889573006924404663e-01 1.052876014731435605e-01
3.669599469423127092e-01 2.863528719189363247e-01 1.050800346861517354e-01
2.769836376906492093e-01 3.873271707998380275e-01 1.072832887445665379e-01
3.624589379014565016e-01 2.877955200305242212e-01 1.043140585230611650e-01
3.632179440736948983e-01 2.865976899156361113e-01 1.040974237074276665e-01
3.769248964448257411e-01 2.817645784762206063e-01 1.062040845639694309e-01
3.636602474126720552e-01 2.796274659170563948e-01 1.016893934387752552e-01
3.651870907116793186e-01 2.905355565107692328e-01 1.060998346304665163e-01
3.572901995659074625e-01 3.279854998194400850e-01 1.171860046852116477e-01
