5.731399239039173255e-01 9.430177200787349945e-02 5.404811043259717673e-02
5.738708931313414308e-01 9.319500339950656520e-02 5.348189983625323274e-02
2.854261654143334416e-03 9.889733661739813497e-01 2.822788756039449481e-03
3.740088591446671506e-03 9.882044884570266863e-01 3.695972333294519647e-03
5.463010272347262886e-01 1.014278826146506329e-01 5.541015646262687638e-02
5.897473838843027005e-01 8.974230435186650312e-02 5.292528921526214181e-02
1.786374795509589608e-01 6.954232055192117734e-01 1.242286486552005298e-01
5.602744292066126341e-01 9.632757919320758533e-02 5.396987944932915560e-02
5.557187129568980088e-01 9.786637242393417258e-02 5.438617452518915152e-02
5.471075267324291280e-01 1.002846752921434798e-01 5.486650066824936417e-02
