2.924063429876907483e-01 3.043645451997495366e-01 8.899812359697047148e-02
3.542685422305364984e-01 2.095258776026257819e-01 7.422842721785605224e-02
4.392378210309234587e-01 1.158546263726796810e-01 5.088773364428758605e-02
4.395308570254831682e-01 1.157924397087710805e-01 5.089435026226774017e-02
8.248147755225511413e-03 9.817295547385997967e-01 8.097450423155723095e-03
4.393193842435714758e-01 1.158378669388217264e-01 5.088982037565192851e-02
4.383956599060517823e-01 1.160084246607054753e-01 5.085758988379146528e-02
2.934666205610325651e-01 3.036413595716792591e-01 8.910860365605804967e-02
7.593221579476409390e-03 9.823766976012684449e-01 7.459403939400722876e-03
7.937798267599971078e-03 9.820175825412028603e-01 7.795057465448271272e-03
