3.047670452828488696e-01 2.362000178669588779e-01 7.198598154106916613e-02
3.086627253972186180e-01 2.349595626167134133e-01 7.252325895541320011e-02
3.040579746274884587e-01 2.364641306272018406e-01 7.189880463055685345e-02
3.018144781989339775e-01 2.374505056532812131e-01 7.166600046181809125e-02
3.063283431022625902e-01 2.353184489250556843e-01 7.208471056060671012e-02
1.793641311825267546e-03 9.899306541183919839e-01 1.775580517068957873e-03
3.139271023686719397e-01 2.328902181647118652e-01 7.311055135845584418e-02
3.082684725663808467e-01 2.353712893285919705e-01 7.255754784730474027e-02
3.061514661907440149e-01 2.355774650855656516e-01 7.212238633744473548e-02
2.581046285934104987e-03 9.892632673256875897e-01 2.553334281942003584e-03
