3.057501726908337658e-01 3.897330542717587498e-01 1.191609486469163287e-01
3.343732912876323793e-01 3.525423558695117143e-01 1.178807478503843958e-01
3.121876509324522653e-01 3.628577081280746075e-01 1.132796955232370090e-01
3.306190090615434007e-01 3.377644996763006224e-01 1.116713641791465123e-01
2.999092329279777203e-01 4.108309548098800779e-01 1.232119965200998146e-01
4.537711603124512383e-01 2.302383243225132881e-01 1.044755115762213138e-01
3.037027956599678280e-01 3.890370500683812960e-01 1.181516397210742725e-01
3.958718540216155657e-01 2.816571329924006939e-01 1.115001314361144108e-01
3.043140793404801037e-01 3.803191411162823443e-01 1.157364692843635967e-01
4.826070937223170265e-01 2.223943692957637552e-01 1.073291002260362420e-01
