4.258613770198205195e-01 2.101007976964056612e-01 8.947381501995405051e-02
4.283391400704058549e-01 2.207312406690615791e-01 9.454782981485963800e-02
4.299841392762077663e-01 2.117166748064631121e-01 9.103481218707781819e-02
4.295341189939303472e-01 2.096819946330596984e-01 9.006557083360132443e-02
4.204616691267092365e-01 2.121346808748362234e-01 8.919450200029543918e-02
4.291003155502634558e-01 2.112539372604296806e-01 9.064913113968593728e-02
4.302037353179676282e-01 2.121474225488642062e-01 9.126661361860061161e-02
4.275402584926630278e-01 2.152062870976653164e-01 9.200935161498208226e-02
4.685861782757271277e-01 1.997935971192226490e-01 9.362051811805686963e-02
4.287295068139491128e-01 2.090622593229145565e-01 8.963115933292309379e-02
