5.489489419776369949e-01 8.981392487645815936e-02 4.930325903579067803e-02
5.490554294063482166e-01 8.985694921435902205e-02 4.933644583603431777e-02
5.597706008318472648e-01 8.825530835216571779e-02 4.940272698289175507e-02
5.597706008318472648e-01 8.825530835216571779e-02 4.940272698289175507e-02
5.347202285110147502e-01 9.502648138377348119e-02 5.081258184012904522e-02
5.733315533874507874e-01 8.534413424772416268e-02 4.893048506075483445e-02
5.540386774828739425e-01 8.938116902558143617e-02 4.952062467880635754e-02
2.681008449141929727e-03 9.890549396116444791e-01 2.651664649764380079e-03
2.395274523877489754e-03 9.890555363585696869e-01 2.369059528939668289e-03
5.349106595080268534e-01 9.920428151111787551e-02 5.306542764913201732e-02
