4.616031409046525424e-01 1.516781307741306428e-01 7.001510157188534089e-02
5.018725909032560883e-01 1.438242874462416498e-01 7.218146777545994541e-02
4.624422042550426215e-01 1.515169052125590610e-01 7.006781162839817445e-02
4.994554297994723835e-01 1.439978058204018085e-01 7.192048599620974592e-02
5.066565131877199812e-01 1.418343586844734161e-01 7.186130162129171495e-02
5.018149216321529105e-01 1.430790964234102680e-01 7.179922555891286862e-02
4.989404215305418555e-01 1.439237284426080066e-01 7.180936573740206996e-02
4.574226167545376587e-01 1.530993954729831241e-01 7.003112610078975064e-02
4.572334057969006937e-01 1.531418335911267359e-01 7.002156214285308600e-02
4.995031044641494167e-01 1.440044226413073336e-01 7.193065616590045563e-02
