5.586677771341669319e-01 7.923905409867948446e-02 4.426830621552326622e-02
5.609641727410007439e-01 7.916948770602601215e-02 4.441124617733971380e-02
5.711008395077001865e-01 7.769103025604692792e-02 4.436941260144653537e-02
5.649686659707915393e-01 8.012690376522380031e-02 4.526918992860848312e-02
2.026177056889823525e-01 6.249438597963242747e-01 1.266246910563482708e-01
5.660797770134018414e-01 7.918277635850730356e-02 4.482376838432588356e-02
5.609283606847065284e-01 7.920342847244082884e-02 4.442744929365464307e-02
5.610665876783825778e-01 7.959503257055719483e-02 4.465811332051224797e-02
5.840398946336744501e-01 7.494604737141713491e-02 4.377148161001283982e-02
5.629751873912252069e-01 7.862731108738328645e-02 4.426522519348776580e-02
