1.340943158167728043e-02 9.746874125695361712e-01 1.307000417237325074e-02
3.500606788392789936e-01 3.027336988861472067e-01 1.059751641396105698e-01
3.489369100801215096e-01 3.046762689204238206e-01 1.063127958518328420e-01
3.137125850847882202e-01 4.013054555713415072e-01 1.258945718759141852e-01
3.474461030050799426e-01 3.003168717888254902e-01 1.043439267697036515e-01
3.442476985718936899e-01 2.995451980057716734e-01 1.031177450317491001e-01
3.496033868094520214e-01 3.039666160830621355e-01 1.062677584596469771e-01
3.478829737135666345e-01 2.964428045942579248e-01 1.031274043982401967e-01
3.463399750864546989e-01 3.052193951864267119e-01 1.057096777247698016e-01
3.457822627663377224e-01 2.967517516100162123e-01 1.026114921515856038e-01
