5.288116856810889388e-01 9.691666561261125246e-02 5.125066531319538016e-02
5.911727139514114659e-01 1.113166378633670267e-01 6.580735891363313772e-02
5.288712251012365195e-01 9.693376012679602582e-02 5.126547647192800788e-02
3.988959369717154924e-01 3.200891202829828086e-01 1.276822495497325627e-01
3.633687583257508291e-01 3.768631146230785323e-01 1.369402820193631465e-01
4.469983191371174613e-01 2.027259677213515965e-01 9.061816681688969477e-02
6.344805293455977324e-01 7.453040423382809032e-02 4.728809033062062600e-02
6.549910506677697475e-01 4.247720784065067701e-02 2.782219099298101350e-02
3.555833035666100539e-01 3.666994436435147553e-01 1.303921995867989292e-01
4.001019377314669057e-01 3.189644543348258421e-01 1.276182962468238036e-01
