6.655465682417285311e-01 3.853944884681734240e-02 2.564979792192692565e-02
2.632105063660532540e-01 5.042703104768507805e-01 1.327292437659787772e-01
9.463950878779335552e-02 8.462305863323256183e-01 8.008684701169765940e-02
1.501832532740740578e-01 7.486111250552789365e-01 1.124288541979664852e-01
9.509237612333480694e-02 8.472449567930009362e-01 8.056653609995859111e-02
3.624422972510037144e-02 9.492053983848671717e-01 3.440321851536654041e-02
5.931147846597962792e-01 8.289865379022394454e-02 4.916841719137567818e-02
1.481736099149302821e-01 7.509696686467386417e-01 1.112738867400062948e-01
3.250188019326951117e-01 3.855302321504695540e-01 1.253045741623794174e-01
6.271302119204791303e-01 7.732286086509612688e-02 4.849150212062545290e-02
