6.559495543990069288e-01 4.403028815210181801e-02 2.888164789343106165e-02
1.722612881799667067e-02 9.730411796637904454e-01 1.676173270610389551e-02
6.261182037884152063e-01 7.621619100165612226e-02 4.772034460955170559e-02
4.438016176384900202e-01 2.050752655250342726e-01 9.101273457765307606e-02
6.186614494468817282e-01 6.405510325352675727e-02 3.962842302329653427e-02
1.740927864698596852e-02 9.725673098859878296e-01 1.693169530075471288e-02
1.699787145912367778e-02 9.728843535569715595e-01 1.653696318635403464e-02
2.537355093154551322e-01 5.155052619388560409e-01 1.308019901928527406e-01
7.706281716387849978e-02 8.663223833542003094e-01 6.676124343340020251e-02
1.975921674727719735e-01 5.945204206077719933e-01 1.174725785147137241e-01
