6.096582817264314391e-01 8.212212901169044232e-02 5.006643606498351745e-02
5.311041756008854087e-01 1.115522997742144085e-01 5.924589220796697836e-02
2.036761481682437258e-01 5.904717626765707550e-01 1.202650142240772740e-01
3.189821740009494699e-01 3.786304960332829150e-01 1.207763787677544609e-01
2.543963301656547715e-01 5.105742996549228474e-01 1.298882281091117141e-01
6.548044967742256972e-01 4.419228514028971516e-02 2.893730703259049866e-02
5.355612287105109282e-01 1.610211448339454732e-01 8.623668217564098293e-02
8.677310341889575562e-02 8.578336003001049148e-01 7.443688371504468548e-02
1.290067092054433262e-01 7.601745798416648103e-01 9.806762096700370746e-02
4.411584013880739397e-01 1.618238088175217582e-01 7.138993280446720435e-02
