6.807158384024681874e-01 3.748358793209843887e-02 2.551567198553102850e-02
6.838149272400136924e-01 3.639267737515955448e-02 2.488585603136402383e-02
6.842036319684426937e-01 3.813400289904216034e-02 2.609142328501977068e-02
6.846225579843432385e-01 3.803046023156621269e-02 2.603651096505670004e-02
6.855014301917118358e-01 3.663698832912339054e-02 2.511470789753113969e-02
6.749027355594265920e-01 3.850007985297562718e-02 2.598380921202961616e-02
6.754915776759866652e-01 3.805057797093275296e-02 2.570284494506850856e-02
6.860303336620915404e-01 3.777516590942060770e-02 2.591490967298068493e-02
6.769747542151435260e-01 3.830735917542418822e-02 2.593311506241401457e-02
6.826688605662387666e-01 3.803862353002082641e-02 2.596778378274743754e-02
