5.888447145330049093e-01 7.851387046574807849e-02 4.623247764128475545e-02
1.415706033257698761e-02 9.762656823045989807e-01 1.382105216501064611e-02
1.433760922942820502e-02 9.764205841507311856e-01 1.399953677912320338e-02
5.873880684629440019e-01 7.731687108847490331e-02 4.541500756825771201e-02
1.156019776527287928e-02 9.793975662581730912e-01 1.132202955677143012e-02
6.240559166495134313e-01 5.291671086674224617e-02 3.302298650602210339e-02
1.482186461710253804e-02 9.748634837456743307e-01 1.444929457623532476e-02
1.150425649211635898e-02 9.793976534285985247e-01 1.126724181281948262e-02
5.871864536791502331e-01 7.730223890990707558e-02 4.539082752696675660e-02
1.425505711328619619e-02 9.761093608258228915e-01 1.391449468738538940e-02
