4.351184995572265346e-01 2.062530879154401142e-01 8.974453414281104158e-02
2.236329128458107163e-01 6.183418899257346890e-01 1.382815979786757021e-01
4.421703192116376857e-01 2.300668408681442734e-01 1.017287284666804070e-01
3.141417697487534633e-01 3.470286583493589205e-01 1.090161968874031467e-01
2.949114957306932516e-01 4.305622159701239515e-01 1.269777471168710425e-01
2.999531203971290139e-01 4.079929746504007415e-01 1.223787658464944583e-01
3.211926441114635322e-01 3.406028987854907708e-01 1.093991456529409684e-01
4.438277776105469252e-01 2.247534423554176097e-01 9.975182083092516694e-02
3.182989904494954447e-01 3.326846136370743001e-01 1.058931766587611900e-01
3.130229464148764906e-01 3.623667753318057239e-01 1.134291156972194181e-01
