5.853990575462519885e-01 5.877146450263573407e-02 3.440475993045596231e-02
5.862911209433312454e-01 6.304414280862330466e-02 3.696222115617921189e-02
1.280626269606008616e-01 7.673803479474683442e-01 9.827274323609272444e-02
5.912557152934928562e-01 5.737485079908390129e-02 3.392320844906978466e-02
3.607837250005940244e-01 2.586552781535866319e-01 9.331861474331575035e-02
5.727570611109316090e-01 6.742584517311991932e-02 3.861862892427685851e-02
5.671641402233577045e-01 6.932453168525140597e-02 3.931838840965252990e-02
5.671610634054564670e-01 6.932189910575367597e-02 3.931668201410501440e-02
3.608761085053638351e-01 2.586600641759888020e-01 9.334423738557851014e-02
5.758871904142000009e-01 6.305944133724709910e-02 3.631512450079629750e-02
