3.885491276966980267e-01 2.804404942529272748e-01 1.089649094128057466e-01
3.556805982901872221e-01 2.940684537281552657e-01 1.045944435603004957e-01
3.548612272056699268e-01 2.897615589543475201e-01 1.028251424075678350e-01
4.189728922681655865e-01 2.350260190835414542e-01 9.846953097370443608e-02
2.972323678411449843e-01 4.277695451449056718e-01 1.271469547937498779e-01
3.606552956373602625e-01 2.918901541927705345e-01 1.052717298540283286e-01
3.553225591022142749e-01 2.896664467381874219e-01 1.029250231410580030e-01
3.765905984171790677e-01 2.960517110665970009e-01 1.114902910329995528e-01
3.977086209545207529e-01 2.731084123928452234e-01 1.086175700638370156e-01
4.128623976468403511e-01 2.364978116667682817e-01 9.764105356297284044e-02
