3.051066193902855495e-01 3.410486590680089636e-01 1.040562034158302729e-01
2.949823847943763844e-01 3.810898490774600744e-01 1.124147925017981442e-01
4.289743133453843282e-01 2.667639049143299967e-01 1.144348629359581010e-01
1.055495110883228338e-01 7.846528081179247049e-01 8.281972027092654454e-02
1.059447321697534194e-01 7.843137353455907901e-01 8.309390862824747592e-02
3.015786838893179111e-01 3.747134058870863482e-01 1.130055757831112950e-01
3.038786398021418034e-01 3.419565809816726421e-01 1.039133007001016296e-01
1.057961384090949641e-01 7.844590325082012594e-01 8.299273637950238536e-02
2.936972178580076198e-01 3.817459751729974649e-01 1.121177308368014047e-01
2.962847854948590376e-01 3.811418503392755563e-01 1.129265313708859297e-01
