5.635245038061580392e-01 7.904442261685878934e-02 4.454346903380960315e-02
5.656124963405853023e-01 7.830715290854857458e-02 4.429150423792808239e-02
5.549937442933872145e-01 8.025631109457309620e-02 4.454175059755203364e-02
5.785725658375576730e-01 7.638997772418616716e-02 4.419714541615626241e-02
5.602196941939853181e-01 7.841549344655887599e-02 4.392990375870167025e-02
5.500341173769230929e-01 7.958302834830380257e-02 4.377338075574193493e-02
5.519231755798794659e-01 8.019686970832150263e-02 4.426251100098264890e-02
5.500136995228709358e-01 7.957979700733716633e-02 4.376997855928460579e-02
5.525636318784505896e-01 8.002198401196884692e-02 4.421723811577281393e-02
5.482422271259848046e-01 8.078414527850741322e-02 4.428927972395801244e-02
