1.722814409874589767e-02 9.726769478485609577e-01 1.675741861906335575e-02
1.779751875814587769e-02 9.720521560272009642e-01 1.730011648079025216e-02
5.812237072030549401e-01 8.508481076477494853e-02 4.945330913937288908e-02
6.243835695693081833e-01 5.310241136593113476e-02 3.315627316139788117e-02
1.648339411836155163e-02 9.739243784958008243e-01 1.605357937222661249e-02
1.353216991384112444e-02 9.775208765528250465e-01 1.322797859583974348e-02
5.823591269934561554e-01 8.309336461581834365e-02 4.839017927661690838e-02
1.351425214480751237e-02 9.775208143275220252e-01 1.321046276161970054e-02
5.802630489743058062e-01 8.410463779349140745e-02 4.880281355893095752e-02
1.722814409874589767e-02 9.726769478485609577e-01 1.675741861906335575e-02
