3.432505203256370763e-01 3.158054230319589095e-01 1.084003757773778220e-01
3.355647269073916972e-01 3.252164416840014893e-01 1.091311664394856440e-01
3.137315374837580939e-01 3.663969408748641854e-01 1.149502755900167483e-01
3.533917928214881932e-01 3.014236432932447252e-01 1.065206417021845042e-01
3.499818146574070199e-01 3.095265550476110628e-01 1.083286654202187116e-01
3.601272819173448325e-01 3.466747476582494603e-01 1.248470345835467898e-01
3.550713901673428485e-01 3.051603300670134855e-01 1.083537026208196696e-01
3.493895387894575544e-01 3.070670883586789635e-01 1.072860283790604552e-01
3.644034871014836807e-01 2.921527452641596856e-01 1.064614791405312649e-01
3.591521667858517119e-01 3.478379732161248072e-01 1.249267617709702710e-01
