5.005298098356263381e-01 1.725724932034422843e-01 8.637767720597888665e-02
1.911388541709589661e-01 6.589573225750758878e-01 1.259523475845630014e-01
1.921579571341477666e-01 6.577376922547477633e-01 1.263895312738010923e-01
1.841660537901387562e-01 6.789303242848607756e-01 1.250359186220020291e-01
5.522361698792286333e-01 1.479596829366803257e-01 8.170868860149740898e-02
4.799990966003399584e-01 1.817410165302707492e-01 8.723552374975740431e-02
5.826657973072294494e-01 1.338888511609419851e-01 7.801245421223923504e-02
5.237900545922482554e-01 1.622664374763497785e-01 8.499354614422688359e-02
4.905054399703123180e-01 1.791775011458244526e-01 8.788753903231376341e-02
4.810753265186405447e-01 1.813175863859591286e-01 8.722741707419709445e-02
