3.184086828575487336e-03 9.885377098922587535e-01 3.147589901618117521e-03
5.954779830346155212e-01 5.755484262791588784e-02 3.427264160194606196e-02
6.099159139691533449e-01 5.413351512402511667e-02 3.301689235323276156e-02
6.030305549685477384e-01 5.498542399285460958e-02 3.315789074559201410e-02
6.018494063798714988e-01 5.537436525286039413e-02 3.332702885609620941e-02
5.984067929601863955e-01 5.591118810379452908e-02 3.345763476378540990e-02
3.388474870443355675e-03 9.883018515178914054e-01 3.348835988281015710e-03
2.659463978845229195e-03 9.891864662116670592e-01 2.630705775251132063e-03
6.019435886923678591e-01 5.537018536043457340e-02 3.332972808242160023e-02
6.019350182114610037e-01 5.537618806309119873e-02 3.333286677023809125e-02
