3.578226062923561268e-01 2.929879619236073207e-01 1.048377161477907771e-01
3.602398782822052170e-01 3.040709975494319539e-01 1.095384991463560914e-01
2.388552696577745105e-01 5.098983132284891084e-01 1.217918991042351434e-01
4.252040093864509207e-01 2.202065466283703310e-01 9.363270651952751433e-02
2.275364467470508412e-01 5.383844376808175625e-01 1.225020819338022565e-01
3.608013503801668076e-01 3.090168691722079419e-01 1.114937036875839615e-01
3.481937973441612821e-01 3.050817879872169680e-01 1.062275862598154041e-01
3.506905085319967363e-01 2.954049324141113653e-01 1.035957059711648393e-01
3.527193641026742932e-01 3.000643966686382114e-01 1.058385231828146839e-01
3.457363732162133108e-01 3.189603996564818189e-01 1.102762117768259498e-01
