5.974637614718740775e-01 8.120527522417737842e-02 4.851720918679579969e-02
8.831915246658246510e-02 8.527600290363885893e-01 7.531504302187209954e-02
5.531311307685646828e-01 9.047301150427572436e-02 5.004343915739739579e-02
5.595360179032898840e-01 8.866849856627197213e-02 4.961321860123538846e-02
8.696225436874066572e-02 8.540578673642330587e-01 7.427079750735261776e-02
5.777830827299048622e-01 8.528920347367079102e-02 4.927865890659562098e-02
5.580848294381663965e-01 8.980949712549107788e-02 5.012131788520718390e-02
5.826028114420707116e-01 8.387011028227572829e-02 4.886296204641036450e-02
5.633116666963620123e-01 8.757130066214582897e-02 4.932993533076159703e-02
1.451831492944560386e-03 9.903666768330320336e-01 1.437845530989043845e-03
