4.382325196184114757e-01 1.160609385026389606e-01 5.086167750928897308e-02
4.376636154738735573e-01 1.161514639080361705e-01 5.083526963657424708e-02
4.371261008749371957e-01 1.162554046329401514e-01 5.081827173283523513e-02
4.379560539734224101e-01 1.161209063899301119e-01 5.085585394635096235e-02
7.326714446211234424e-03 9.835730848157501205e-01 7.206359129424104101e-03
4.052387135397764739e-01 1.465496150277064979e-01 5.938757746357727768e-02
4.383926498138093208e-01 1.160358620078809910e-01 5.086926901906447390e-02
4.378610909643763094e-01 1.161187692605231275e-01 5.084389098985334088e-02
4.370947988260466821e-01 1.162534770614462587e-01 5.081379016900128276e-02
4.049111564714970024e-01 1.468145395866906067e-01 5.944684501087726947e-02
