2.646129592285032528e-01 3.983081738165638597e-01 1.053975045585019976e-01
2.722425415307970220e-01 3.681386484372182744e-01 1.002230012862608821e-01
2.608267527152111631e-01 4.169624149157526993e-01 1.087549526867683108e-01
2.765107293864740856e-01 3.564634857588176997e-01 9.856597844681569409e-02
3.795989073021913685e-01 2.295653162410933312e-01 8.714274319960103876e-02
3.808474063462684578e-01 2.274827010608400091e-01 8.663619668766445181e-02
2.688824750379574247e-01 3.819423130226915486e-01 1.026975944472635766e-01
3.660095314875804196e-01 2.303647082323120876e-01 8.431567893138171288e-02
3.729763210789978078e-01 2.523290121390639462e-01 9.411274664912584742e-02
2.651009877184323793e-01 3.983364518257128672e-01 1.055993868232522337e-01
