5.494654760988353370e-01 8.739667933383575560e-02 4.802145801962330596e-02
5.434113512012974656e-01 8.814146922510157633e-02 4.789707488848002348e-02
5.443970529631626531e-01 8.828926666086739372e-02 4.806441657845501869e-02
6.988156717240404103e-02 8.762132517516054708e-01 6.123115520963039182e-02
4.420522272081119086e-02 9.344900599635137528e-01 4.130934123107132816e-02
5.379183729119946245e-01 9.544906963826282897e-02 5.134380823577800596e-02
4.209080902518810841e-02 9.374518249490068067e-01 3.945810573424271550e-02
5.413077060056941114e-01 8.986376459053244115e-02 4.864394826353683754e-02
5.569205866908907288e-01 8.707564261122921478e-02 4.849421796953209962e-02
5.470772375343360139e-01 8.769536988918288922e-02 4.797614070352596710e-02
