5.086422172113405074e-04 9.912150209917055532e-01 5.041738060104065423e-04
5.162939774712602681e-01 1.050372686588484372e-01 5.423010921859421074e-02
5.137260568276357242e-01 1.221888880916129766e-01 6.277161566745759202e-02
7.081861690183480773e-01 3.841360164836962743e-02 2.720398138955578901e-02
7.081687296547957144e-01 3.841780043813924905e-02 2.720628493240852611e-02
5.284108262878633999e-01 1.087047250160094458e-01 5.744075356710452718e-02
5.402586007378082922e-01 1.051193475066988653e-01 5.679163159444054754e-02
5.246214976863762258e-01 1.043684352429066209e-01 5.475392480831724196e-02
5.030044655838303846e-01 1.105234242690212726e-01 5.559377595893399276e-02
5.358308115955412454e-01 1.024496839626015399e-01 5.489569730538748638e-02
