2.387519894486324901e-01 5.109570616800062082e-01 1.219920149989291019e-01
5.164981316453408633e-01 1.471843044493085229e-01 7.602041825558687738e-02
2.082537224091569328e-01 5.864834473749259702e-01 1.221373610471832294e-01
2.970974747763754573e-02 9.580502343109887908e-01 2.846343053227095785e-02
5.284813660787357481e-01 1.676423302342516797e-01 8.859584769481987365e-02
2.950230201569556746e-02 9.580519492365899836e-01 2.826473795310371559e-02
6.254090281384360184e-01 7.643405054273523513e-02 4.780254526661614073e-02
3.086060648799636083e-02 9.566367516772567026e-01 2.952239034546691107e-02
6.669815048246177103e-01 3.836115364990462517e-02 2.558617998822176193e-02
2.629576163431162072e-01 5.080602707850888633e-01 1.335983177642851294e-01
