5.401073786366185070e-01 9.297135704884970653e-02 5.021451594394332058e-02
6.961452990427693388e-01 4.314061393682284973e-02 3.003213558993820392e-02
2.828543630952975617e-04 9.914296682528940252e-01 2.804302073674545034e-04
5.407239155292673516e-01 9.258661425719252880e-02 5.006379658674703359e-02
5.309880949474322931e-02 9.124890957877213049e-01 4.845208466326272195e-02
5.392984076164674123e-01 1.280778104938707918e-01 6.907215925034819459e-02
6.994106279580402097e-01 4.202343927601484563e-02 2.939164005299411270e-02
7.067237941327190187e-01 4.247176341128194865e-02 3.001580578152837284e-02
5.560453368696550713e-01 9.112549679387195456e-02 5.066990756216320502e-02
5.432720462733642286e-01 9.271633824487973685e-02 5.037019480126919690e-02
