3.872854828797387405e-01 2.628683011524475255e-01 1.018050769456022298e-01
3.889696185299844067e-01 2.654538116184343433e-01 1.032534678425527513e-01
3.913368819932046550e-01 2.681811982488203627e-01 1.049491939318948353e-01
3.602179347337339799e-01 3.000957734024551904e-01 1.080998797173550185e-01
3.758199412130115435e-01 2.752586507466372456e-01 1.034476899419740914e-01
3.863495915420419036e-01 2.726162918082916109e-01 1.053251929878395721e-01
4.292096350009999006e-01 2.450290784340992678e-01 1.051688413193311161e-01
3.751198358404793654e-01 2.833487320444525448e-01 1.062897298501230131e-01
3.904681462205821796e-01 2.594352368167081035e-01 1.013011959841177423e-01
3.580187230638732232e-01 2.862160637376457428e-01 1.024707096597200773e-01
