3.963307502152381701e-01 2.439076659994212082e-01 9.666810824879834563e-02
2.165891907953565176e-01 6.140516433792754247e-01 1.329969485460761047e-01
4.006860004802068609e-01 2.431748876486665156e-01 9.743677314916783516e-02
3.934757166855678001e-01 2.467287218143564553e-01 9.708176064281799633e-02
3.930629536064534912e-01 2.477996931634023348e-01 9.740087929757981766e-02
3.936224118892019952e-01 2.455813743836056107e-01 9.666633289993992184e-02
2.531700554210061793e-01 5.227374595845596383e-01 1.323414716136589453e-01
3.918205334452209421e-01 2.501821409249285755e-01 9.802649991567295717e-02
3.968816932364023775e-01 2.434545491848482957e-01 9.662265370658759678e-02
2.681610230858352262e-01 5.586914239967514240e-01 1.498192638482510053e-01
