3.696539066392438566e-01 2.871888582149323965e-01 1.061604833824136562e-01
3.457471356283132180e-01 3.119620464411831384e-01 1.078599839817858952e-01
3.898270542157459828e-01 2.891520690867416254e-01 1.127192993124723625e-01
3.564558598699991143e-01 3.008858807501645916e-01 1.072525353455419383e-01
3.443136639885758243e-01 3.128645172432277799e-01 1.077235282640327113e-01
3.729792691083944622e-01 2.828703442463613715e-01 1.055047742494478052e-01
3.724549465898426281e-01 2.846576585550117944e-01 1.060221530134965728e-01
3.567246061229315535e-01 3.008151520068576001e-01 1.073081666154560576e-01
3.644482192041205160e-01 3.229351184299260602e-01 1.176931288302583145e-01
3.716523550309634438e-01 2.847781571069510353e-01 1.058384727501760492e-01
