1.154784496093923946e-02 9.787851615258794657e-01 1.130285929536872618e-02
1.154784496093923946e-02 9.787851615258794657e-01 1.130285929536872618e-02
6.240394477114193927e-01 5.311252561373577818e-02 3.314431115055429394e-02
1.845897667649624985e-02 9.722104539780266341e-01 1.794601009462622535e-02
7.112102178578152620e-03 9.844260957342725327e-01 7.001338980120904755e-03
6.987029867172244238e-03 9.844262449808005577e-01 6.878215575709074187e-03
5.823086001252053556e-01 8.292261668266122376e-02 4.828655283919945640e-02
5.869501149439873000e-01 7.755212962016179434e-02 4.551923139470497037e-02
1.632290504849422466e-02 9.748653755896770079e-01 1.591263496081495726e-02
5.820389343997866005e-01 8.451954209473756807e-02 4.919366421677896090e-02
