3.439900374855544007e-01 2.803124127006462185e-01 9.642467735256149419e-02
3.753963905495701914e-01 2.965375054087257545e-01 1.113191091930093024e-01
3.593602830259874370e-01 2.785248683611417087e-01 1.000907755240357799e-01
3.588902168183680241e-01 2.876691744246896443e-01 1.032416523812377945e-01
1.967327172577751082e-01 5.517971638419645330e-01 1.085565554177634201e-01
1.963433177141906683e-01 5.592642401799552410e-01 1.098077963958383890e-01
2.002921339267302869e-01 5.590723800078623018e-01 1.119778000112705979e-01
4.608468820042369574e-01 1.780209029566268142e-01 8.204037805914031478e-02
3.544090789698872146e-01 2.892484746339620272e-01 1.025122854884672613e-01
3.546970359128227557e-01 2.795465912108147655e-01 9.915434730200954616e-02
