4.396356911150368640e-01 1.158343386582869339e-01 5.092490953088920497e-02
4.076601665336159752e-01 1.467259720004868151e-01 5.981433418052512635e-02
9.154047201216108237e-03 9.821071146960193010e-01 8.990254884577523684e-03
1.040818024754905369e-02 9.802987086766746794e-01 1.020312565634640990e-02
4.402955406400450578e-01 1.157254127186273518e-01 5.095338315874037294e-02
4.402955406400450578e-01 1.157254127186273518e-01 5.095338315874037294e-02
4.108090446777565297e-01 1.451977628456554981e-01 5.964855424397118994e-02
4.103125907231491842e-01 1.454540964516468360e-01 5.968164714637003154e-02
4.410458410737200796e-01 1.155725639884833816e-01 5.097279868934698893e-02
4.399251618916170115e-01 1.157330230392374648e-01 5.091386889674278521e-02
