3.404047586255876112e-01 3.112356775865774972e-01 1.059461057045301274e-01
4.849920954648040960e-01 1.673745452032322500e-01 8.117533140558418070e-02
3.250815699264711922e-01 3.278778929781502871e-01 1.065870601935205997e-01
3.379408044911365594e-01 3.141877827618282382e-01 1.061768720678186867e-01
3.168705535722250999e-01 3.778872324169103569e-01 1.197413365238224753e-01
3.353563961472000865e-01 3.218876472967417968e-01 1.079470813617363634e-01
4.842863095952039702e-04 9.912387905444582925e-01 4.800433758003890558e-04
3.209819274741654849e-01 3.712372990755856139e-01 1.191604638075847017e-01
3.329557044265315513e-01 3.146073037168738429e-01 1.047502964267834902e-01
3.295340709687052949e-01 3.194728537653800382e-01 1.052771900652955533e-01
