1.170314191706454676e-01 8.005533533545969860e-01 9.368989506490769947e-02
2.361832600159436135e-01 5.794527345142113095e-01 1.368570358627195227e-01
6.181993463695166779e-01 7.382870125419922769e-02 4.564085485865627956e-02
1.202273460857273824e-01 7.820049307956571383e-01 9.401837745551476500e-02
6.129631317094640375e-01 9.231435868480279694e-02 5.658529840118748516e-02
2.437261895047805327e-01 5.837675238043689152e-01 1.422794341334800983e-01
1.722901223303228979e-01 7.104215042055554985e-01 1.223986078656671556e-01
6.903807265885568700e-01 3.452658100307105099e-02 2.383648607951885726e-02
1.169034972036730874e-01 7.800449932116848561e-01 9.118998768266139976e-02
3.143053827390024368e-01 4.461150523859986339e-01 1.402163622858114134e-01
