4.737090327649811083e-01 2.152553004119980018e-01 1.019683801557030173e-01
4.483207722473482315e-01 2.448542273569723204e-01 1.097732362967056147e-01
1.058385727343009730e-01 8.393255956672881490e-01 8.883302310479276875e-02
4.826970585682566761e-01 2.038602322456685156e-01 9.840273446402586499e-02
4.651353009794673699e-01 2.172365764394616483e-01 1.010444003659180662e-01
1.370683542883326944e-01 8.059187224290854656e-01 1.104659529735103479e-01
4.843403596032768710e-01 2.023615740633089577e-01 9.801187755170820415e-02
4.849071902650178290e-01 2.087628087940326949e-01 1.012305870441475436e-01
4.842416536350757084e-01 2.099451118714358855e-01 1.016641681452250812e-01
4.923843911832764819e-01 1.986372886840010454e-01 9.780590045496859175e-02
