5.757772129315302800e-01 1.321044339162199821e-01 7.606272277617866229e-02
6.585508432532863887e-01 5.424454582801528646e-02 3.572279139693100569e-02
5.855195055351317679e-01 1.214276349708935110e-01 7.109824878645804036e-02
6.588162555477727889e-01 6.913005389438706128e-02 4.554400325251581338e-02
6.730331367342471394e-01 5.191914363532151855e-02 3.494330409743636595e-02
6.628337783924834747e-01 6.800375968037492003e-02 4.507518897383733236e-02
5.963667457525568816e-01 1.159827633532884150e-01 6.916826314438952183e-02
6.595013130550779756e-01 5.424178583796096520e-02 3.577252898258759251e-02
5.838198701340518992e-01 1.233549437802255733e-01 7.201706725816456323e-02
6.701828455422228492e-01 5.805303915919506064e-02 3.890615097608343675e-02
