3.238284062686364595e-01 3.145009465331712883e-01 1.018443402858145025e-01
4.815712657343158565e-01 1.777370241037247722e-01 8.559304366548134424e-02
3.191978775193637374e-01 3.352210809168110761e-01 1.070018575283929879e-01
4.739447748030163332e-01 1.777614675816459044e-01 8.424911872163685922e-02
3.258963597372844245e-01 3.330761166690430208e-01 1.085482939378721590e-01
4.647060371118914568e-01 1.755921390289517103e-01 8.159872707614443388e-02
4.373681636627372860e-01 2.279921508744499059e-01 9.971650835747589148e-02
3.274507079460781678e-01 3.345121050194137524e-01 1.095362256051398836e-01
3.210615008027172812e-01 3.308116039059546543e-01 1.062108700329998517e-01
4.575019068697703251e-01 1.831767826788727738e-01 8.380372736985380877e-02
