3.772334840868232231e-01 2.415961770481750426e-01 9.113816760994006283e-02
4.000187937874566946e-01 2.371107569763911127e-01 9.484875899972675106e-02
3.738360820704236809e-01 2.522467838603376089e-01 9.429894939321359359e-02
3.782783123791808588e-01 2.340006390630574029e-01 8.851736684042317560e-02
2.555286164200470944e-01 4.418716049531148382e-01 1.129108398489750698e-01
3.934618278280842540e-01 2.602837192087953389e-01 1.024117079137844555e-01
2.602977755895668488e-01 4.186021533010025331e-01 1.089612093612538218e-01
2.531935601532694369e-01 4.417272507337605680e-01 1.118424952299967440e-01
2.553377533782894560e-01 4.415400783992099454e-01 1.127418516449280594e-01
2.457279752009643992e-01 4.683635793582320850e-01 1.150900340135745797e-01
