5.587775707247600865e-01 7.798183253918206104e-02 4.357449894690920006e-02
5.663970433148263206e-01 7.646736113172883376e-02 4.331088725509828208e-02
5.589642605219714566e-01 7.732843749597312355e-02 4.322383288225610520e-02
5.649468618497516248e-01 7.696706545225880103e-02 4.348230209303804300e-02
2.188496002695709264e-01 5.976535667859674827e-01 1.307962441907923046e-01
5.706738198801422079e-01 7.542474346112376660e-02 4.304292646443928089e-02
5.683683273041656436e-01 7.645324400037313561e-02 4.345360240946931352e-02
5.823100350018410865e-01 7.327909842092887593e-02 4.267115436639445231e-02
5.622036221275317214e-01 7.701890349841200578e-02 4.330030651909805295e-02
5.663970433148263206e-01 7.646736113172883376e-02 4.331088725509828208e-02
