3.627947506828617663e-01 2.940164558713267429e-01 1.066676268044966097e-01
3.809441723949725800e-01 2.766546755360212995e-01 1.053899864112693013e-01
3.345008338364174882e-01 3.658828616804019607e-01 1.223881223185490641e-01
3.412119525741100778e-01 3.209269233732701676e-01 1.095041021577953244e-01
4.169330275271634356e-01 2.583606541984925231e-01 1.077190897488760346e-01
3.759940707801328053e-01 2.793683928028650731e-01 1.050408592572524002e-01
3.663716355335479569e-01 2.902111879354932755e-01 1.063251475740605301e-01
3.771078586347747508e-01 2.807600577130962560e-01 1.058768241543615041e-01
3.878799810237325563e-01 2.704554510591136163e-01 1.049042552245740140e-01
3.721924023083554856e-01 2.854845028911601190e-01 1.062551629528675351e-01
