3.985673545190242528e-01 2.529432727712594975e-01 1.008149310718248343e-01
4.041709721806914790e-01 2.338712608117175240e-01 9.452397484739592792e-02
4.084287778712625827e-01 2.459267102983053455e-01 1.004435457330369041e-01
4.019113859430554769e-01 2.531649860511416827e-01 1.017498904160686612e-01
8.344465597588689165e-03 9.821042841764970888e-01 8.195135412555246135e-03
7.874465949875309248e-03 9.829696360287545343e-01 7.740360928669753893e-03
9.178269782211366176e-03 9.814090448443757442e-01 9.007636980284053005e-03
4.086462478813983057e-01 2.328200374630997049e-01 9.514103474090228330e-02
6.565223164908278244e-03 9.840992625657937198e-01 6.460831275166102790e-03
7.905956841695033557e-03 9.817623174347023252e-01 7.761770510441256404e-03
