2.887380581625381692e-01 3.295537585506656542e-01 9.515471230408516223e-02
1.822843002456947178e-03 9.899377573621847004e-01 1.804501113875581729e-03
2.810762417195833418e-01 3.591111806255423700e-01 1.009376210097099047e-01
2.890528566064746729e-01 3.275907889638763892e-01 9.469105334797726925e-02
2.808045619921659686e-01 3.595053269270043761e-01 1.009507358615878980e-01
2.811286567151541349e-01 3.587967756408190767e-01 1.008680555696320064e-01
2.810905339978126416e-01 3.591272134449783326e-01 1.009472602003954056e-01
2.768197386685818939e-01 3.760001797100779308e-01 1.040842714866836022e-01
2.812477326221076712e-01 3.586787829558460983e-01 1.008775944459887886e-01
2.810197122852605145e-01 3.594030222696517063e-01 1.009993339126706025e-01
