6.050743207701604343e-01 5.360658117102113512e-02 3.243596569086608372e-02
6.081119009155688815e-01 5.424884549614917423e-02 3.298936855713827110e-02
6.078490117035382223e-01 5.440396662806593064e-02 3.306939734762215366e-02
5.988745742149833573e-01 5.907723013328022854e-02 3.537985104186878310e-02
6.193068973990056847e-01 5.145465117188237347e-02 3.186622037400658330e-02
6.122462289441812366e-01 5.172595394025525373e-02 3.166902023846169395e-02
6.163315877163503265e-01 5.183595507743186948e-02 3.194813649366699815e-02
6.314575765947504360e-01 4.761862441906718896e-02 3.006914117643977313e-02
6.222353784425227463e-01 5.066335456412777993e-02 3.152453160037776286e-02
2.423135511081396694e-04 9.914610111406413351e-01 2.402444383947556364e-04
