1.055420307643049026e-02 9.790958943213173837e-01 1.033357689996650987e-02
6.236371873335305738e-01 5.313762563082150003e-02 3.313859938998764409e-02
5.864883396913124214e-01 7.774122917277750955e-02 4.559432442310410588e-02
4.355660888157551758e-03 9.874106453586283250e-01 4.300825928538984724e-03
5.783559885095799352e-03 9.855233558346561118e-01 5.699833346630310028e-03
1.677206106045200582e-02 9.743858271726310027e-01 1.634245858977840388e-02
5.860135307930858239e-01 7.845770780588350035e-02 4.597727836925803724e-02
4.278489536178653463e-03 9.874106951703000012e-01 4.224626327197019034e-03
1.864653764527000879e-02 9.725085871534283610e-01 1.813391798070475291e-02
5.860135307930858239e-01 7.845770780588350035e-02 4.597727836925803724e-02
