6.283160210233106335e-01 6.510901643786001780e-02 4.090903814097753000e-02
6.618042728103538108e-01 5.518207747881044567e-02 3.651973465802874769e-02
7.556945894077936599e-01 2.622729592229206680e-02 1.981982562327320313e-02
7.383977400875829655e-01 3.103962268146551184e-02 2.291958724116541571e-02
6.306803197886033940e-01 6.330485710681429956e-02 3.992512752429748513e-02
6.119318257624460911e-01 6.836779869564214851e-02 4.183643187918367756e-02
6.302157263426967360e-01 6.372495137303163526e-02 4.016046651570816250e-02
1.935894208188857213e-01 6.333279720655422551e-01 1.226055953005677629e-01
6.252721830297014449e-01 6.586853767138371729e-02 4.118576434276022269e-02
6.118571637193284118e-01 6.819869932360789200e-02 4.172786273749000407e-02
