6.328798892898865880e-01 4.764464788422229091e-02 3.015333947822223387e-02
6.599246388123624074e-01 4.251867315660161351e-02 2.805912002565121022e-02
6.453796813791198295e-01 4.512961398916755934e-02 2.912573589709162997e-02
6.328807491214154535e-01 4.687637501147842722e-02 2.966715533336086730e-02
6.394692397563950248e-01 4.556819551442284344e-02 2.913945934267874599e-02
5.560064145456961038e-01 1.437519660699367874e-01 7.992701523844011890e-02
6.450030854600842245e-01 4.521721760063231177e-02 2.916524486832786783e-02
6.405059473389792535e-01 4.518328170099723817e-02 2.894016064978120056e-02
6.378511596925626748e-01 4.537501731658472731e-02 2.894250741645368330e-02
6.345194709519292875e-01 4.692355501615211311e-02 2.977390930403258501e-02
