1.247425761532915400e-01 7.707861834419430513e-01 9.614985418591152910e-02
5.582258849516558326e-03 9.851611973026366265e-01 5.499424811842971474e-03
5.795113815780138511e-01 6.276150346202920283e-02 3.637100558119384097e-02
6.040405975799368887e-01 5.758617741769351400e-02 3.478438901972785713e-02
6.046705891721126935e-01 5.752127554818121241e-02 3.478142357565017218e-02
6.068453379745089027e-01 5.535133160888100479e-02 3.358969753753050791e-02
5.933810495284066455e-01 5.915491294440906878e-02 3.510140432771498287e-02
5.983405303489421900e-01 5.806562540314293835e-02 3.474301709875955713e-02
5.946220422881671741e-01 5.880453060300588897e-02 3.496647008295639125e-02
6.061592007903622292e-01 5.711711565474059810e-02 3.462206517672825057e-02
