2.551197870850411276e-01 4.226510977707476080e-01 1.078266580745320252e-01
3.496917628370586617e-01 3.003071521353700701e-01 1.050149374227943300e-01
2.468792425446498517e-01 4.539749644204771339e-01 1.120769953503617661e-01
3.850873572161839231e-01 2.976317099233898866e-01 1.146142085981320807e-01
2.672664454354346519e-01 4.088847621174760416e-01 1.092811769638510899e-01
3.102490921282031744e-01 3.522376671414370608e-01 1.092814164439870755e-01
2.544371125805135470e-01 4.328964068881403504e-01 1.101449118150975709e-01
3.620039277076064765e-01 2.975936655810904607e-01 1.077300758012586929e-01
3.875967725768386662e-01 2.599911796647508266e-01 1.007717421365024318e-01
2.418596624746204293e-01 4.732674190595034247e-01 1.144642982339662413e-01
