5.847878952651719420e-01 5.701868941421614490e-02 3.334383937331800163e-02
5.515296322457073908e-01 6.792215100937354366e-02 3.746107896753719108e-02
5.703987312721721104e-01 6.647209628564240691e-02 3.791559938633209254e-02
5.356123479672804111e-01 8.297414208335311681e-02 4.444197506183549667e-02
5.478273847252689288e-01 7.134926875773398014e-02 3.908708330560974054e-02
5.520350917241736433e-01 7.293219729675066987e-02 4.026113222435728778e-02
5.513187269985485583e-01 6.795054713078019226e-02 3.746240914299660968e-02
6.084640679892079351e-01 5.257355039945536823e-02 3.198911634468826204e-02
5.566217362136368640e-01 7.034843387778026702e-02 3.915746740496028194e-02
2.416376050258148365e-03 9.893805323150343112e-01 2.390715422877707098e-03
