3.488369203727336720e-01 3.017473612900115065e-01 1.052606202430062393e-01
3.498813497506802483e-01 3.048780458770775081e-01 1.066711422008216892e-01
3.547866744853850896e-01 2.989144247512308672e-01 1.060508547132010815e-01
3.472992490231298635e-01 3.028267350004131275e-01 1.051714976497698378e-01
3.415451014191545620e-01 3.165274780197961935e-01 1.081084095822205104e-01
3.434803317429878100e-01 3.161419636247572718e-01 1.085885465437112091e-01
2.675234790354149017e-01 3.923416200043627344e-01 1.049605951539578502e-01
3.343904285036843893e-01 3.635381584171223368e-01 1.215636805705418294e-01
8.475119536791136943e-02 8.398872376238625259e-01 7.118144736287537744e-02
3.485336767773094535e-01 3.038164817615448543e-01 1.058902754538976060e-01
