4.337210002328768521e-01 2.561963909424585517e-01 1.111177549356162780e-01
6.069211155032409044e-01 6.023126972924661843e-02 3.655562941225094786e-02
5.055787556837062491e-01 1.334249180269050372e-01 6.745680403324315344e-02
6.165143401967915215e-01 8.146222466305239052e-02 5.022262968910454206e-02
5.284979015221361598e-01 9.722810590549900434e-02 5.138484994002823908e-02
3.995894495605895047e-01 3.191922728265508824e-01 1.275458646027549658e-01
3.418824767608525939e-01 3.860148972928761357e-01 1.319717291530746184e-01
5.432404289037756628e-01 1.610130847862464853e-01 8.746881723840053968e-02
4.011466003777310885e-01 3.175874888072916513e-01 1.273991414575457726e-01
6.317849104649007064e-01 4.923314736420666970e-02 3.110475959940057350e-02
