2.544157941135478662e-01 4.313000060485963072e-01 1.097295335400316207e-01
3.117670561505996307e-01 3.666190249004702140e-01 1.142997341220229751e-01
2.583588451346267578e-01 4.248196336034396614e-01 1.097559099282999495e-01
3.641111807218652685e-01 2.869868784390678385e-01 1.044951311601314131e-01
3.791186436277740324e-01 2.543153159452147261e-01 9.641567763491862286e-02
3.728981072824205656e-01 2.693933903070992453e-01 1.004562853599116901e-01
2.697119747393270095e-01 3.791971979371953627e-01 1.022740250712604188e-01
2.520093635150251754e-01 3.805009585184191412e-01 9.588980437308380900e-02
3.054574568042590643e-01 3.674729719979156206e-01 1.122473594707860123e-01
2.526723127775076239e-01 3.777727541069281214e-01 9.545271548452621824e-02
