4.136998736182798120e-01 2.947253722430066003e-01 1.219278492490322996e-01
3.995081209519539822e-01 2.512308462185998681e-01 1.003687632979621408e-01
3.973180092039357847e-01 2.594628356785998458e-01 1.030892573342292173e-01
3.996625515119299754e-01 2.511140601792340443e-01 1.003608860117530116e-01
3.998851475219928897e-01 2.488866300750406102e-01 9.952606678380929162e-02
3.459456664575850104e-01 3.049563015294174950e-01 1.054983109730345814e-01
3.468095431084073921e-01 3.012851024027999314e-01 1.044885487096847837e-01
3.979763170025495955e-01 2.597234224722099194e-01 1.033637711147873256e-01
3.458520579404167350e-01 3.048913947084431753e-01 1.054473163082389614e-01
3.467340724656683415e-01 3.012599593319504887e-01 1.044570925700088193e-01
