3.826334987249406239e-01 2.523427282803080152e-01 9.655478099969128092e-02
3.864206061146208682e-01 2.455813261226170718e-01 9.489768489073406588e-02
9.092643116327221373e-03 9.803834156558804969e-01 8.914276515724810571e-03
5.777491104364808512e-03 9.846873438775461951e-01 5.689022369833133912e-03
3.900501415339245881e-01 2.454032889608648849e-01 9.571958759207593870e-02
3.824064993704756055e-01 2.462830175253395426e-01 9.418022658626258592e-02
2.662482152206733631e-03 9.887660249381949873e-01 2.632571894106342132e-03
2.710317186420818734e-03 9.887185384661161258e-01 2.679740847337588015e-03
3.863364866869442582e-01 2.457050318439584768e-01 9.492481876389867457e-02
3.948353461633050121e-01 2.484306560830175648e-01 9.808920409211521751e-02
