4.065665329161802233e-01 1.909619072503251358e-01 7.763872054982587367e-02
3.838232760153720280e-01 1.938514670442205712e-01 7.440470514129866875e-02
3.837910904136035972e-01 1.938734190915790689e-01 7.440689091537068534e-02
4.069027775735317154e-01 1.909362703863989597e-01 7.769249875975660358e-02
3.851065752572465639e-01 1.939995570952640358e-01 7.471050503437980106e-02
4.109358498682307292e-01 1.900809489307415945e-01 7.811107629261405949e-02
4.086920970715702817e-01 1.906062391993011973e-01 7.789926361328775029e-02
4.097715740665690554e-01 1.902851341002740893e-01 7.797343892173748403e-02
4.119328420554401182e-01 1.899358583734727102e-01 7.824081794802417722e-02
3.856601732380738334e-01 1.938688534904356164e-01 7.476749562258815096e-02
