6.275108694425592937e-01 7.941950931062474739e-02 4.983660533821156896e-02
2.622527976940526862e-01 5.204405622229875128e-01 1.364869934764441906e-01
6.269205156844923632e-01 7.931407610403337638e-02 4.972362149217967459e-02
6.674329103930480844e-01 3.833135555151777341e-02 2.558360819506022912e-02
5.414976581398172062e-01 1.196817406892641822e-01 6.480738230533342192e-02
4.904290764529958269e-01 1.621457333244125665e-01 7.952098224508540036e-02
5.045617669231589053e-01 9.679228328401616455e-02 4.883768547831013329e-02
3.218260049154199609e-01 3.876724082387315029e-01 1.247630623594107036e-01
2.926185748973845757e-01 4.507274540492675619e-01 1.318912252710230659e-01
2.923540342009137705e-01 4.508227456327413840e-01 1.317998483952643185e-01
