5.871764247661406255e-01 5.779455767070849903e-02 3.393560174402714125e-02
5.692827847970022281e-01 6.561334906179661086e-02 3.735255007375734571e-02
5.510589283401197136e-01 7.526001662753192822e-02 4.147270410962733411e-02
5.756222859417363669e-01 6.554584804834168166e-02 3.772965088757614105e-02
1.791886679563567657e-03 9.899824245638125797e-01 1.773936319577940329e-03
5.729097992880038959e-01 6.288798670832700111e-02 3.602914384269428200e-02
5.873567908433882101e-01 5.778263499763632710e-02 3.393902305868652658e-02
5.867710910821851700e-01 5.785464922473508576e-02 3.394743564977490552e-02
5.869950761788603755e-01 5.777055210671223906e-02 3.391102963477437421e-02
5.660273937104001174e-01 6.282601690809802575e-02 3.556124660769625911e-02
