3.536656049571523797e-01 2.915632645759680397e-01 1.031158983495420178e-01
3.536613832860382445e-01 3.138612120607994216e-01 1.110005904172549074e-01
3.507343104185964844e-01 2.935461874015623529e-01 1.029567196142950614e-01
3.979107663300220921e-01 2.779643203088726366e-01 1.106049957065072392e-01
3.529980195390837738e-01 3.018577741547394666e-01 1.065551964590990552e-01
4.847997152650626029e-01 1.530645550852979264e-01 7.420565272252592492e-02
3.511828248430698407e-01 2.946866847174801074e-01 1.034889023827237631e-01
3.538454203896813643e-01 2.909050500732063282e-01 1.029354197366350032e-01
4.830499120178659012e-01 1.533808209107430098e-01 7.409059204616245953e-02
4.856958395218137214e-01 1.525955513609289771e-01 7.411502442554043779e-02
