3.503576318381328436e-01 3.096385127816302374e-01 1.084842160640533959e-01
4.099467144297733734e-01 2.389416822173576205e-01 9.795335756532876081e-02
3.196296494023792567e-01 3.341941251684759639e-01 1.068183510599348268e-01
3.193998832913883534e-01 3.352792608798084717e-01 1.070881567950337787e-01
4.112862186546142884e-01 2.443097944714955339e-01 1.004812515484673902e-01
3.406111977478500918e-01 3.635395474400477944e-01 1.238256406822660499e-01
4.058654859092519218e-01 2.515261397547223221e-01 1.020857789304287777e-01
4.063868606704931774e-01 2.380956408534962154e-01 9.675894002578154518e-02
3.104566520570242183e-01 4.276882721729490244e-01 1.327786691028671195e-01
4.087858334400907845e-01 2.372444883138580818e-01 9.698218588444836030e-02
