4.900834210888124765e-01 1.496305994008447215e-01 7.333147605393559865e-02
4.894504322159437537e-01 1.502608878307829243e-01 7.354525649392815168e-02
4.806316778938234946e-01 1.525749887728942988e-01 7.333237285854746212e-02
4.943368353930951420e-01 1.487947551669528412e-01 7.355472839232185533e-02
4.808634138656492918e-01 1.538292219262872851e-01 7.397084480777109394e-02
4.915593485416763775e-01 1.495825183369756672e-01 7.352868526694711360e-02
4.886730286646006061e-01 1.498946269329251568e-01 7.324946132386295217e-02
4.786575918164959198e-01 1.521602557388122556e-01 7.283266158212202412e-02
4.809454283275160225e-01 1.549836490871897288e-01 7.453867749399990805e-02
4.834418329952350213e-01 1.508923158199200754e-01 7.294765774487806109e-02
