5.873791860617991745e-01 6.798228413864888797e-02 3.993137872398154486e-02
5.666795833725351006e-01 7.226814714531298867e-02 4.095288351541102878e-02
5.742288132984013638e-01 7.086796654853097510e-02 4.069442833203374549e-02
5.896742033060841104e-01 1.085768775603095093e-01 6.402498377283774578e-02
5.969210801049548154e-01 1.161690383286195366e-01 6.934374783387346752e-02
6.193031028453553910e-01 7.445265411998833183e-02 4.610875971158080733e-02
6.253954172774799369e-01 7.255568142865972958e-02 4.537599066292855032e-02
5.719915225317584451e-01 7.257870237451485851e-02 4.151440247457810484e-02
5.939723475004928810e-01 6.632247850712423565e-02 3.939371825092756463e-02
1.011518947589091274e-03 9.907727435452213793e-01 1.002185402850818948e-03
