5.310254455216060210e-01 1.099239440220664554e-01 5.837241134780991880e-02
5.214980722355092579e-01 1.126329078963766855e-01 5.873784433824010692e-02
5.177641579148519746e-01 1.117975834219904346e-01 5.788478163740229387e-02
1.919922703277125164e-01 6.182405381434403768e-01 1.186974045267858713e-01
5.262538753617518328e-01 1.107792442222056695e-01 5.829800658158169196e-02
7.198888272781559516e-01 3.768293670753952718e-02 2.712752511478760606e-02
7.348714577876653831e-01 3.336589142925518170e-02 2.451964127500172452e-02
5.321627042545855613e-01 1.129390781749018968e-01 6.010196525757583591e-02
5.236178039145873431e-01 1.148249880398754530e-01 6.012440807195833931e-02
1.273625814504819945e-03 9.903623147535315363e-01 1.261351009782845506e-03
