3.959504956556053057e-01 2.600841984082267744e-01 1.029804672719281805e-01
3.577478616466682193e-01 3.299650407027332477e-01 1.180442877295586612e-01
3.174164330735286810e-01 3.588663639649174453e-01 1.139100811998108032e-01
2.645873238836118913e-01 4.423997112618882621e-01 1.170533556896656141e-01
3.903518946741165729e-01 2.709741114129784467e-01 1.057752577976912856e-01
3.847693340146429164e-01 2.790960837824664198e-01 1.073876142830745839e-01
3.462414611168855849e-01 3.055438294968493285e-01 1.057919419602376815e-01
2.843760643716986558e-01 4.678720241490131881e-01 1.330516048571167287e-01
3.208691437721318818e-01 3.461567867471633253e-01 1.110710317744747488e-01
2.747241970641881026e-01 4.441314218960147331e-01 1.220136482713588127e-01
