2.922029981879901636e-03 9.887736835017553183e-01 2.889226348485957486e-03
5.923625015286222428e-01 5.812842373918454542e-02 3.443309849605910578e-02
3.195871752232534377e-03 9.885377064002850434e-01 3.159239731901409588e-03
6.050808215342033947e-01 5.483402249251504573e-02 3.317901537779598814e-02
3.211849447178840959e-03 9.884787549015944252e-01 3.174844942478714880e-03
6.106561963374065316e-01 5.358848962705234364e-02 3.272414324312234585e-02
5.874668662499590299e-01 5.817301449635377264e-02 3.417471852648638897e-02
6.094214504106351127e-01 5.440332595792130022e-02 3.315455381243895272e-02
6.073539582971904105e-01 5.444751164615033168e-02 3.306891171772177729e-02
6.073539582971904105e-01 5.444751164615033168e-02 3.306891171772177729e-02
