6.850835569606307240e-01 3.749097803542682239e-02 2.568445258644308851e-02
6.546741848263150088e-01 4.246858051155005809e-02 2.780308332712976352e-02
6.841711350727708307e-01 3.728337333755149530e-02 2.550820785569448551e-02
6.943624326323549756e-01 3.699783233168219693e-02 2.568990485995084269e-02
7.060318780074912315e-01 3.541035311293171117e-02 2.500083810923158997e-02
6.688384703138596787e-01 3.915862324183831678e-02 2.619079366866789230e-02
6.865558385382608542e-01 3.739488513699908145e-02 2.567367672227435088e-02
6.952616359519643296e-01 3.738247330231941196e-02 2.599059954410122553e-02
6.668256245281913852e-01 3.928035965244454364e-02 2.619315035693330421e-02
6.953609157381310801e-01 3.724712603691050783e-02 2.590019566963967443e-02
