6.519236733004504236e-01 4.278771051570462447e-02 2.789432141151446803e-02
1.669635969959050448e-01 6.719423690974410945e-01 1.121899149184588385e-01
1.423688897069033954e-01 7.595127836124584420e-01 1.081309917211052823e-01
2.626713334251360998e-01 5.084528084770647549e-01 1.335559771864259504e-01
5.985839235009704495e-01 9.219475665609515314e-02 5.518629916542264896e-02
2.285948770520853934e-01 5.851610547877056367e-01 1.337648193748641745e-01
5.068609703143910350e-01 1.444210729286755646e-01 7.320140515847392559e-02
6.247905551990551309e-01 7.610785777175320399e-02 4.755147071222440985e-02
2.285972034338566439e-01 5.852791761899003298e-01 1.337931829050826582e-01
2.728283781216686021e-01 5.046937602632154407e-01 1.376947800607393191e-01
