5.799608971868673857e-01 6.361648415210931218e-02 3.689507322473144918e-02
1.623095246442475765e-03 9.900971902117445822e-01 1.607022042948734464e-03
5.771661211249410339e-01 6.524384097649364722e-02 3.765653462369532301e-02
5.475482277392892394e-01 7.377847712893363663e-02 4.039727439725129821e-02
5.738900662195106639e-01 6.621772288201083212e-02 3.800169336966240097e-02
5.488048252506795288e-01 7.256437011599581322e-02 3.982367646093471630e-02
5.657874632557118311e-01 6.892128473577521786e-02 3.899479885497887655e-02
5.584840808764702791e-01 6.845538166384455836e-02 3.823124090958020249e-02
5.947285427589449336e-01 5.667713946921423829e-02 3.370751256427126363e-02
3.713119076207871579e-03 9.879023838610612174e-01 3.668199186945737562e-03
