6.400431939833701733e-01 4.591624968375349058e-02 2.938838310332749643e-02
6.534687062017155990e-01 4.200485924779603919e-02 2.744886102684244641e-02
6.535334863156676555e-01 4.154326774511521436e-02 2.714991660241037122e-02
6.410349549543192804e-01 4.546737633632941256e-02 2.914617754165000837e-02
6.649650484233716741e-01 4.009075375773737959e-02 2.665895001384330568e-02
6.627174786163493314e-01 4.202119153551451408e-02 2.784817810287085887e-02
6.410533031399811010e-01 4.558720040207507596e-02 2.922382539865450365e-02
6.434674785244222095e-01 4.399280077033027037e-02 2.830793658491167694e-02
3.115424434694577527e-03 9.886962211260542643e-01 3.080208365786302801e-03
6.412860422034032393e-01 4.541225707565414021e-02 2.912224660756973851e-02
