5.685440767762611758e-01 6.106037955937372586e-02 3.471551712419222724e-02
5.404628015642308769e-01 7.732702960179024809e-02 4.179238305522377239e-02
1.602837379233738781e-03 9.902105925338279269e-01 1.587146551026408312e-03
5.472703962984699633e-01 6.946525380901347191e-02 3.801627698103260400e-02
5.867564130211281315e-01 5.337109051064128917e-02 3.131582962704985290e-02
2.419200167988951600e-01 4.801877557748122638e-01 1.161670299436663445e-01
1.719443662814670740e-03 9.899867665630841529e-01 1.702226472037281918e-03
5.237316025036782285e-01 8.494868873009797650e-02 4.449031287920036243e-02
5.069387338604237625e-01 9.199146009713901617e-02 4.663403430761534768e-02
5.493279910801227572e-01 6.887929733054656833e-02 3.783732602959961194e-02
