3.989319471359215608e-01 2.489504994412957417e-01 9.931430748257626118e-02
3.889105961287426805e-01 2.600943255882167682e-01 1.011534392142166700e-01
3.866819367180659994e-01 2.670377050113932338e-01 1.032586569505531404e-01
3.674967152462114695e-01 2.820708856218462346e-01 1.036601239326183088e-01
1.373198092535692361e-01 7.662176919871602765e-01 1.052168673103869162e-01
3.869601018517465629e-01 2.639614661193070422e-01 1.021425558144634094e-01
3.837605134093557968e-01 2.670623538049406998e-01 1.024879860084950689e-01
3.729525918875906676e-01 2.803734645529257219e-01 1.045660103015171732e-01
1.663755729741158429e-01 7.143511594193910907e-01 1.188505834531251582e-01
2.736050589571338842e-01 5.136821336268185823e-01 1.405460304561920171e-01
