5.204072863928841386e-01 1.197198608242292933e-01 6.230308789887092219e-02
5.257130435845466243e-01 1.197780547251215966e-01 6.296888570418006370e-02
5.493371771367822065e-01 1.147372033760693799e-01 6.302941141517882928e-02
5.404026557752544813e-01 1.174892905052332681e-01 6.349152461417845172e-02
5.269827039234792343e-01 1.198080246520170367e-01 6.313675678285080028e-02
5.288319632294609107e-01 1.167581268722092946e-01 6.174542945682491568e-02
1.793009926843187607e-01 6.797193852728563579e-01 1.218743605261980584e-01
1.822327774422297098e-01 6.736955250771474724e-01 1.227694066852099003e-01
1.082411558650749894e-01 8.009573015443091082e-01 8.669654411772742542e-02
5.324059049069587157e-01 1.248473134751288544e-01 6.646944690592872240e-02
