3.768854164834326004e-01 2.834126390776076088e-01 1.068140905154329051e-01
3.661171902186852734e-01 2.961535010888760588e-01 1.084268876920856522e-01
3.574972544570255151e-01 2.858899723509606416e-01 1.022048801922633698e-01
2.699630174441147168e-01 3.894940366387627528e-01 1.051489854074889596e-01
7.945781066830942107e-04 9.909746218451953581e-01 7.874067387967505997e-04
3.620205199749986780e-01 2.937433437120288149e-01 1.063411180298234338e-01
3.602565793505501657e-01 2.953441529782904751e-01 1.063996742831445352e-01
3.582967202108632288e-01 2.946207777046423448e-01 1.055616583575471751e-01
3.508140556079030747e-01 3.361088825523157464e-01 1.179117202140182591e-01
3.584959951067991923e-01 2.907948525416801377e-01 1.042487900338645579e-01
