6.664588463397591589e-01 4.479402999040002498e-02 2.985337755031057527e-02
6.641118964336369945e-01 4.552196399555272915e-02 3.023167783847026738e-02
6.637234090350729865e-01 4.558841734981818050e-02 3.025809977593498998e-02
6.632821704327291901e-01 4.580598261617385702e-02 3.038229156845966006e-02
6.658529603275039621e-01 4.545167272020837756e-02 3.026413083258760323e-02
6.640909320061184618e-01 4.564515129355915107e-02 3.031253106409997899e-02
2.319963360859599866e-01 6.289843957106971972e-01 1.459220752601233517e-01
6.641362697251903535e-01 4.550511701731028980e-02 3.022159866928473756e-02
6.636264146326233959e-01 4.543756711416515465e-02 3.015356975360261940e-02
6.629258551694429125e-01 4.559547015283979543e-02 3.022641604292413200e-02
