4.910206040140655537e-01 1.024155394538475983e-01 5.028814004305461050e-02
3.526962101466364352e-01 2.149612803406982520e-01 7.581602890443293885e-02
5.760188978354691125e-01 5.987626214499283672e-02 3.448985852726639545e-02
5.563137057925026108e-01 7.331540753804680066e-02 4.078636605917839580e-02
5.469494404385593089e-01 7.531176770208630744e-02 4.119172920309487063e-02
3.556893019229979136e-01 3.298167872063800798e-01 1.173123028039232824e-01
3.953582394114806831e-01 2.911838502275638230e-01 1.151219343710259135e-01
5.811908747250473795e-01 5.981717744220423072e-02 3.476519768121805187e-02
3.947622887295634819e-01 2.915707125417222878e-01 1.151011218094799282e-01
5.672903311197304843e-01 6.561613006680712401e-02 3.722339615239431826e-02
