5.528356760228129163e-01 6.759250794051449573e-02 3.736754982137167891e-02
5.991071454300502808e-01 5.500924351109784394e-02 3.295643085220034685e-02
5.449994294854840771e-01 7.253746970948626860e-02 3.953287960799060224e-02
3.709735528526500459e-01 3.320837695118080690e-01 1.231942958204959859e-01
5.650989928163542286e-01 6.495022534626448962e-02 3.670330692636930570e-02
5.702205825769027792e-01 6.752393158651599780e-02 3.850353560714608186e-02
5.805889331492311012e-01 6.259228685926913893e-02 3.634038905099370304e-02
6.010820495019708609e-01 5.285494237782627225e-02 3.177015709077238986e-02
5.295536504162179359e-01 8.231875012092426669e-02 4.359219462423592761e-02
6.022775125485660963e-01 5.258029001983530182e-02 3.166792628222860062e-02
