3.091576360759878406e-01 3.395005742191816722e-01 1.049591949720426604e-01
1.073064544459250841e-01 7.814471591849131427e-01 8.385432398897345319e-02
1.070393735567927995e-01 7.815056829087082546e-01 8.365187872962168147e-02
2.960434413762123018e-01 3.807044240432924109e-01 1.127050478409251100e-01
3.087874081079312605e-01 3.394134038308380119e-01 1.048065852460150632e-01
2.965024300432496096e-01 3.724093213866140339e-01 1.104202687618885820e-01
4.052525729830041001e-01 2.709340705310322450e-01 1.097967291914595245e-01
2.969835875181591200e-01 3.738252088509193549e-01 1.110199516292711130e-01
1.070393735567927995e-01 7.815056829087082546e-01 8.365187872962168147e-02
2.986383499815506992e-01 3.756591782815215108e-01 1.121862371574187667e-01
