5.850883056242133229e-01 5.659902177757439312e-02 3.311542575182895021e-02
6.086790812854679933e-01 5.458728554102358632e-02 3.322613881297774990e-02
4.214127069575118734e-01 1.792982354217110552e-01 7.555855474176849385e-02
5.759569028394192491e-01 6.323453025437360264e-02 3.642036419781457396e-02
6.315501914916527015e-01 4.600147196147545692e-02 2.905223842616771676e-02
6.493368589663761625e-01 4.325652793032469523e-02 2.808805797606835769e-02
4.389958147217085105e-01 1.667044290110686333e-01 7.318254663143129723e-02
8.089601583968306087e-03 9.819788046778018531e-01 7.943817293744850211e-03
8.089601583968306087e-03 9.819788046778018531e-01 7.943817293744850211e-03
6.101125593876582931e-01 5.145846830820929863e-02 3.139545780169027828e-02
