5.938105108454700964e-01 5.759019466634550388e-02 3.419766291451269147e-02
5.189739404404289207e-03 9.858964151121775155e-01 5.116545474168596001e-03
6.009027552614296663e-01 5.619280249800689964e-02 3.376640984691369612e-02
5.774294467193074043e-01 6.346682484415132330e-02 3.664761355478949462e-02
6.279029051074977996e-01 6.345960116060854472e-02 3.984646792570924190e-02
5.752488957656545221e-01 6.102205152444270531e-02 3.510286775679054283e-02
5.753700087827349208e-01 6.287536991267654585e-02 3.617660213887441412e-02
6.522891715523462808e-03 9.846090502934062849e-01 6.422498217188284293e-03
5.815393544768678868e-01 6.181715985628365162e-02 3.594911123841654926e-02
6.139685622644515117e-01 7.149653074180631340e-02 4.389662218644298231e-02
