4.423983235301331418e-01 2.140960308958305691e-01 9.471572514277103172e-02
4.337709690501834747e-01 2.235968617817543080e-01 9.698982741165150523e-02
4.399439918145824913e-01 2.133925495603347100e-01 9.388077007706478738e-02
4.348618648993666236e-01 2.080207761231419039e-01 9.046030264272313104e-02
1.015569528804241145e-01 8.234198510208778909e-01 8.362401101093314137e-02
2.780316653967853657e-01 4.922387121709973501e-01 1.368579489176712793e-01
4.474482679424344189e-01 2.169770990199318961e-01 9.708602713964260833e-02
4.343139571089696949e-01 2.115277016046235303e-01 9.186943312206941048e-02
3.304627643846091978e-01 3.594563999669179166e-01 1.187869556088074346e-01
4.359622861845789399e-01 2.080643036540198443e-01 9.070818949440893897e-02
