3.488112567045831280e-02 9.397392755275296716e-01 3.277916376714121172e-02
3.662279154241057100e-01 2.928197932622151889e-01 1.072387824813386681e-01
3.146254954038311680e-01 3.401272742037787511e-01 1.070127121467186193e-01
3.132200034070476424e-01 3.343936504222358996e-01 1.047387803245478227e-01
3.168414315895187183e-01 3.409273023253470702e-01 1.080198945367156216e-01
3.050246857259198419e-01 3.484701767232434855e-01 1.062920061398630878e-01
3.189313626082287967e-01 3.287507409297907301e-01 1.048489217632029707e-01
2.369250988703760184e-03 9.894009908815885046e-01 2.344139275870683794e-03
3.146254954038311680e-01 3.401272742037787511e-01 1.070127121467186193e-01
3.212219483255037700e-01 3.339956026342723039e-01 1.072867182103317135e-01
