2.575490559208157282e-01 4.433073445669405976e-01 1.141733880759793068e-01
3.590007438961291264e-01 2.958511701928656645e-01 1.062107901817790773e-01
3.591912677036780965e-01 3.027938875421802845e-01 1.087609203192006768e-01
2.452259328174477004e-01 5.133289990617416754e-01 1.258815826371623425e-01
2.471006249629052187e-01 5.270195410820927018e-01 1.302268579690486205e-01
3.587891228257966136e-01 3.035534364267007956e-01 1.089116711862921916e-01
2.760063688088397749e-01 3.794055735051663492e-01 1.047183546489963146e-01
3.633233867044278753e-01 2.867730949773200644e-01 1.041913720828704787e-01
3.601821095054562050e-01 2.971159004066650788e-01 1.070158317760856598e-01
3.623640660950016579e-01 2.873607539091421748e-01 1.041292112226419042e-01
