7.154212668121414653e-01 3.654676175380507097e-02 2.614633059178874536e-02
7.054268105843268799e-01 3.623422513156769609e-02 2.556059386855626114e-02
2.918012321654497171e-02 9.503858467628395479e-01 2.773237611180008610e-02
6.610365162963752761e-01 4.332064807121670941e-02 2.863653028469838324e-02
6.711557750206758044e-01 4.075942016754269259e-02 2.735592023194047956e-02
2.866187398784253437e-02 9.525618638550642503e-01 2.730220810743826804e-02
7.152328322295830043e-01 3.679309824286761121e-02 2.631563186274749402e-02
6.614656193639693038e-01 4.226439194932178622e-02 2.795644219779969478e-02
6.555737395791200184e-01 4.215911466462864132e-02 2.763840845803551549e-02
6.502786655139056737e-01 4.427211940230792175e-02 2.878921472440508500e-02
