4.030800546259277195e-01 2.535714269895909534e-01 1.022095846425387644e-01
3.957462503074625215e-01 2.602559469990576302e-01 1.029953151450947596e-01
2.097045882645713344e-01 6.513258966534324346e-01 1.365860289837607933e-01
4.046308723451707001e-01 2.445804624465375832e-01 9.896480587832776066e-02
3.820217171295620107e-01 2.730575282209400934e-01 1.043139058061173657e-01
1.129936373976110631e-01 7.973946109084929512e-01 9.010051752780341705e-02
3.705892825178691008e-01 2.810648928132229440e-01 1.041596369686140777e-01
3.638937801852104026e-01 3.078493279562493634e-01 1.120244556774761535e-01
3.691030524398045132e-01 2.792666155868119837e-01 1.030781602576257977e-01
3.696917754498810216e-01 2.914464826238577499e-01 1.077453676098368701e-01
