1.575803930242068371e-02 9.742285738133872330e-01 1.535193215569260680e-02
6.102923258746527635e-01 7.268705598999139483e-02 4.436035246111295904e-02
1.216677679936185343e-02 9.784534520389862600e-01 1.190462475952345361e-02
6.154865426526329175e-01 7.537297770608342162e-02 4.639105345775126205e-02
2.676728946148652227e-02 9.591269649462795810e-01 2.567322910103410349e-02
1.575803930242068371e-02 9.742285738133872330e-01 1.535193215569260680e-02
1.216677679936185343e-02 9.784534520389862600e-01 1.190462475952345361e-02
6.102974868352809557e-01 7.279907842667739104e-02 4.442909460772573316e-02
6.237213609721665719e-01 5.287552046898199437e-02 3.297959158902510207e-02
1.180145429094957635e-02 9.792365374684741663e-01 1.155641523696192968e-02
