2.388055227709470676e-03 9.892671527888781124e-01 2.362424595818743856e-03
2.600496176199292853e-01 4.180714448621190571e-01 1.087193193742054115e-01
3.780458100862121307e-01 2.409150024925560407e-01 9.107690727922015950e-02
3.844574726502897333e-01 2.399428706754156426e-01 9.224782964032561539e-02
4.027421821832686821e-01 2.291619944716615231e-01 9.229320172698711466e-02
3.662120062481079574e-01 2.533213147452930136e-01 9.276930689828216670e-02
2.607256912133786297e-01 4.175973835180964988e-01 1.088783664666540807e-01
4.739813792728274078e-01 1.587226485179109581e-01 7.523157986635563288e-02
2.554304003888669961e-01 4.399933702244929745e-01 1.123876827248892346e-01
3.604603263134562585e-01 2.748569158748010999e-01 9.907501358574100081e-02
