5.889721492425410432e-01 5.303082342199662291e-02 3.123367804695503444e-02
5.886335462950724740e-01 5.309169508859127445e-02 3.125155275881416617e-02
2.204664936737934459e-03 9.896235640791833932e-01 2.181788372295002162e-03
5.515052230717669701e-01 6.859772341175131294e-02 3.783200275241328098e-02
5.515052230717669701e-01 6.859772341175131294e-02 3.783200275241328098e-02
5.319856522628749751e-01 7.652712681947407281e-02 4.071133347686167053e-02
5.505397899812966012e-01 6.876308966257727029e-02 3.785681694130035857e-02
1.283996215194752781e-03 9.904989114374588288e-01 1.271796853440219704e-03
5.505332781369438599e-01 6.876285513076201006e-02 3.785624004919417585e-02
2.204664936737934459e-03 9.896235640791833932e-01 2.181788372295002162e-03
