6.180856404659045289e-01 5.486420116114627127e-02 3.391077491333731320e-02
5.951363534684291912e-01 1.087070923851167076e-01 6.469554255823400934e-02
6.082136144438172742e-01 5.429874626548245042e-02 3.302523672589680742e-02
5.986740980293968617e-01 5.553701267892462157e-02 3.324857097280237844e-02
6.303014409007550167e-01 5.294079463105057226e-02 3.336865913838213404e-02
5.983025433915046820e-01 5.654861703173297283e-02 3.383318139535800018e-02
5.951363534684291912e-01 1.087070923851167076e-01 6.469554255823400934e-02
5.951363534684291912e-01 1.087070923851167076e-01 6.469554255823400934e-02
5.583719269613824920e-01 1.304849012616647042e-01 7.285910575684144408e-02
6.043484028005575714e-01 5.497824876216211160e-02 3.322601682818440011e-02
