4.006252126723000573e-01 2.530233454775437929e-01 1.013675315929978282e-01
4.092202370575193093e-01 2.332307939423906018e-01 9.544276078621852233e-02
8.801656698596159803e-03 9.819423258796162735e-01 8.642719250213417789e-03
9.688569942367447271e-03 9.796146003851317063e-01 9.491064572395685114e-03
8.401218003169397264e-03 9.824612689090532758e-01 8.253871299775387971e-03
4.056381049618063561e-01 2.456231958068699761e-01 9.963412768176144185e-02
8.527641702735504203e-03 9.819432170586457342e-01 8.373659927507569323e-03
3.985998337729653174e-01 2.533507760296923039e-01 1.009855772116871192e-01
8.546263019515673923e-03 9.824604535750477430e-01 8.396365442525026423e-03
4.092610962183741430e-01 2.328880806179510765e-01 9.531203116989575563e-02
