5.274880309458284122e-01 1.006823039277880694e-01 5.310871024995837686e-02
5.537909682108460574e-01 8.766669516095891568e-02 4.854902399303252791e-02
5.316529351927635760e-01 1.004710038342595257e-01 5.341570409024747751e-02
5.427598958809012331e-01 9.797734946672698175e-02 5.317817599524741340e-02
5.667462786477225345e-01 1.046896700932246627e-01 5.933248093819284974e-02
5.414482481578102302e-01 9.271683552519502380e-02 5.020136816985266981e-02
6.115771796517744940e-01 8.396178261392492348e-02 5.134911020955960220e-02
5.285644745794377819e-01 1.054434919972299101e-01 5.573368394533698145e-02
5.284900913573272740e-01 1.059317273317297858e-01 5.598386825518535809e-02
6.093500913047447121e-01 8.520297786966640752e-02 5.191844234431736843e-02
