3.598189940795537296e-04 9.913490551091668213e-01 3.567062197910964927e-04
0.000000000000000000e+00 9.916666666666669183e-01 0.000000000000000000e+00
6.148662119003337478e-01 5.395088390901453534e-02 3.317257561781043751e-02
1.544133470708170842e-03 9.901849838906676693e-01 1.528977775818210830e-03
5.332761037947812977e-01 1.220758751697358230e-01 6.510014707785480303e-02
3.598189940795537296e-04 9.913490551091668213e-01 3.567062197910964927e-04
5.742743972641438654e-01 6.767865846067282198e-02 3.886612079514873558e-02
4.807725880414901454e-01 1.016508247385099761e-01 4.887093008608537487e-02
5.101232973968539142e-01 1.401784222671713098e-01 7.150827899081800554e-02
3.598189940795537296e-04 9.913490551091668213e-01 3.567062197910964927e-04
