4.204067852646375392e-01 2.425808240443424468e-01 1.019826244033286977e-01
4.133294463694334175e-01 2.501920454460490051e-01 1.034117396302515618e-01
3.767515227575977677e-01 2.765228668708499260e-01 1.041804111708891922e-01
3.703706041599025833e-01 2.957757975762747016e-01 1.095466608442019069e-01
4.188324126400436720e-01 2.484041758044348569e-01 1.040397202620330086e-01
4.399990839958210498e-01 2.299321202123860708e-01 1.011699222746668819e-01
3.768398334028913443e-01 3.273068892510833106e-01 1.233422736169968448e-01
3.679452336108239296e-01 2.997072954007918844e-01 1.102758708211125926e-01
3.926850169017643832e-01 2.802278876812149266e-01 1.100412928104436139e-01
4.097446824535452836e-01 2.760542357911197620e-01 1.131117551841884783e-01
