4.258381013616394650e-01 2.113968061047214186e-01 9.002081454554920759e-02
1.330453938300108288e-02 9.751525806820283693e-01 1.297395591411918715e-02
3.082613601391905322e-01 3.697910484878462745e-01 1.139922915741608533e-01
4.320111053779677746e-01 2.196718332668732843e-01 9.490067151002655466e-02
1.203068513268772642e-02 9.768883569968207503e-01 1.175263623281739070e-02
4.297193205357208723e-01 2.324115074027472694e-01 9.987171504579121784e-02
4.309203260845860806e-01 2.153626327796650530e-01 9.280413594384823162e-02
3.175918300426339713e-01 3.563968841112744590e-01 1.131887386463921868e-01
3.078241066180596452e-01 3.690364502256798795e-01 1.135983156002199485e-01
3.174989678382672542e-01 3.583950276637205556e-01 1.137900513615985182e-01
