3.785771393165468512e-01 2.481558268776599130e-01 9.394612304407673475e-02
3.856488357360878805e-01 2.561607824353772100e-01 9.878810750744852764e-02
3.681724480991603321e-01 2.492813310319748066e-01 9.177851791145935634e-02
2.303257375055959011e-01 5.281108564838959962e-01 1.216375225043652558e-01
3.612362603897114055e-01 2.528739350705687672e-01 9.134723465492294858e-02
3.613070783388167562e-01 2.542437669032028835e-01 9.186007260565139110e-02
1.979944043493011285e-01 6.280245169946536699e-01 1.243453401591139984e-01
3.803761212663551716e-01 2.482283733650003654e-01 9.442014584883547113e-02
3.608329019893148359e-01 2.563694953168175195e-01 9.250654897670332333e-02
2.325910552412424892e-01 5.233002090256718697e-01 1.217149478252437939e-01
