5.728875918019732394e-01 1.256912287659265604e-01 7.200694535834256671e-02
5.376293477558514722e-01 1.704741428092509670e-01 9.165190220777547081e-02
5.376978436126890193e-01 1.704242178973524591e-01 9.163673446278546020e-02
5.797491160944495681e-01 1.077143543144615523e-01 6.244730170449344642e-02
4.353315839952352495e-01 3.218474075491680186e-01 1.401103417331393541e-01
5.375765139963618600e-01 1.704866016980295385e-01 9.164959302391294249e-02
6.289519901284326142e-01 6.530093965020011826e-02 4.107115595025003646e-02
4.331033661210476060e-01 3.214581821621321223e-01 1.392246207615723264e-01
5.517727037785199462e-01 1.426191439268171823e-01 7.869335065507779281e-02
5.796717260286242679e-01 1.075728897597033606e-01 6.235696268089416933e-02
