3.532545914015933763e-01 3.022095904674469979e-01 1.067569253982208616e-01
3.664691002103913631e-01 2.780285488376623704e-01 1.018888721253389806e-01
3.653469886259526067e-01 2.848240115106762116e-01 1.040595948937892146e-01
3.546202080440620796e-01 3.162939012698957053e-01 1.121642090713984435e-01
3.625049797097610327e-01 2.884206144165288310e-01 1.045539089769405988e-01
3.834107620577104081e-01 2.840925247999029346e-01 1.089241314284297713e-01
3.810139131604597940e-01 2.987090808130351549e-01 1.138123157771385452e-01
3.606041211421274206e-01 2.786377097185179785e-01 1.004779064301013908e-01
3.810520025601835670e-01 2.990414199897393210e-01 1.139503319355310712e-01
3.669340572040001858e-01 2.783208581026023754e-01 1.021254016680867155e-01
