5.288856268678533423e-01 1.172549757390568131e-01 6.201447134712599618e-02
3.724973704694735637e-03 9.880877665905971607e-01 3.680600948480523740e-03
5.585479142423876997e-01 1.082823175618444489e-01 6.048086262350008818e-02
5.334077885109127504e-01 1.138084798581218277e-01 6.070632955490952443e-02
5.359288348197365215e-01 1.133761327412019793e-01 6.076153871636015558e-02
5.225281182929143210e-03 9.863470083387636533e-01 5.153940462510996599e-03
5.288274442340080705e-01 1.162931384069130769e-01 6.149900316567960545e-02
5.454934395794055479e-01 1.119611493919977496e-01 6.107407248110452436e-02
3.649692493128778217e-03 9.881794251919066019e-01 3.606551029987212741e-03
5.440950215172704052e-01 1.119808134231449481e-01 6.092820308898749121e-02
