3.489097951218720350e-01 2.977010584568444695e-01 1.038708153137420515e-01
4.192815373564949821e-01 2.251753081139588053e-01 9.441184936074308032e-02
3.386674827371169982e-01 2.975049316830048474e-01 1.007552463149612165e-01
3.523472566735266209e-01 3.165656427227476200e-01 1.115410357704518796e-01
3.442783137723395837e-01 3.265266881492830953e-01 1.124160575977017629e-01
3.365512168422151729e-01 3.712265471801435290e-01 1.249367461776113020e-01
3.410234052031040908e-01 2.937947389376142082e-01 1.001908823032621881e-01
3.575027898079649602e-01 2.916079716111131814e-01 1.042506633812148031e-01
3.603488697765047655e-01 2.912864399750790811e-01 1.049647394262414463e-01
3.529906842857227778e-01 3.021015732471950543e-01 1.066390410643207887e-01
