3.183896958066609328e-01 3.269942179693841044e-01 1.041115895898091920e-01
4.911197835346909901e-01 1.618048938096272593e-01 7.946558442263780553e-02
4.676613095517144214e-01 1.798676185210590361e-01 8.411712602350666923e-02
3.283302860034602588e-01 3.278334986324508149e-01 1.076376663675075729e-01
4.771569547335564598e-01 1.737220768180293418e-01 8.289269714447984605e-02
3.245431897842746549e-01 3.274014616579669079e-01 1.062559147065104820e-01
3.288091251332245779e-01 3.331540073758941234e-01 1.095440776998955895e-01
4.439308676951583821e-01 2.288511027709183299e-01 1.015940686260876358e-01
3.279715504175291230e-01 3.152026450105391286e-01 1.033775001798125648e-01
3.275359185033175358e-01 3.257200694607802482e-01 1.066850221258010406e-01
