3.650279112671427351e-01 2.534213998235359533e-01 9.250588424798078524e-02
3.576926201002863515e-01 2.543621838702060378e-01 9.098347600296478876e-02
3.469038771375444474e-01 2.654028277987749984e-01 9.206926996666310592e-02
1.434583359029099336e-01 7.410444460542408018e-01 1.063090030610350928e-01
3.843315673087833728e-01 2.486310660229966163e-01 9.555676728627188199e-02
4.264096999392310572e-01 1.921476277177814884e-01 8.193361227917428380e-02
3.487642173340037011e-01 2.592271210606889031e-01 9.040914398847819944e-02
4.351784964549785806e-01 1.855027185282145941e-01 8.072679413741952470e-02
3.868846146901936955e-01 2.525517254579023874e-01 9.770837699312415192e-02
3.871671908806003648e-01 2.467487748317809815e-01 9.553303000485043051e-02
