3.778132902677285299e-01 2.745097497720814239e-01 1.037134317719609206e-01
3.725719919917308554e-01 2.775340219759777627e-01 1.034014034130668475e-01
3.848164132689411154e-01 2.685472836210918146e-01 1.033414024761856037e-01
3.744955527223176039e-01 2.770934204196172645e-01 1.037702536357620886e-01
3.545613640035087943e-01 3.016785952019399586e-01 1.069635742054622085e-01
3.931811627299545697e-01 2.559748815367985930e-01 1.006445015523008552e-01
2.502055328918018628e-01 5.718404938918087987e-01 1.430776555033111963e-01
3.762913918529413038e-01 2.743502162236973185e-01 1.032356247179704589e-01
2.502714466653092606e-01 5.717166563322887418e-01 1.430843546629353424e-01
2.502611860092839868e-01 5.717755654260070486e-01 1.430932311346414798e-01
