6.386154456949881819e-01 4.565350392377696964e-02 2.915503275582072285e-02
6.317939693156192638e-01 4.766992437324294590e-02 3.011757073674654547e-02
6.465865217573073531e-01 4.571523198826039219e-02 2.955885284261768053e-02
6.326728570032656984e-01 4.951276791991698900e-02 3.132538433803352257e-02
6.550786276519394713e-01 4.147273166424349233e-02 2.716790014358976338e-02
6.511010728599404551e-01 4.415611004626347758e-02 2.875009062444374569e-02
6.497520183004991123e-01 4.590511521812932344e-02 2.982694126329648449e-02
6.580527322573030968e-01 4.060641577706382288e-02 2.672116284927290863e-02
6.373568357940675444e-01 4.682822744004689480e-02 2.984629086703321707e-02
6.673458088564626633e-01 3.940531441901594378e-02 2.629697142420142630e-02
