4.397708482298139931e-01 2.050743619642421689e-01 9.018572611120267979e-02
5.290032580889859615e-01 1.613919639748423451e-01 8.537687477207185627e-02
5.207175954321562328e-01 1.655137455319836692e-01 8.618591958438433231e-02
4.398726141597502082e-01 2.050686554252235672e-01 9.020408554411812885e-02
4.448172637689395414e-01 2.090578760716153839e-01 9.299255240352201357e-02
4.313183145194423029e-01 2.065265570069083068e-01 8.907868647172320631e-02
4.094585454673233538e-01 3.118761214714919072e-01 1.277003430637073389e-01
5.653595857974215155e-01 1.447590887584349062e-01 8.184093846088093260e-02
4.361759311933115502e-01 2.053666019106443752e-01 8.957596882438143004e-02
4.553260042602573221e-01 2.706197882697731760e-01 1.232202268666326705e-01
