4.755632412162560385e-01 1.723611099854536755e-01 8.196860812431394638e-02
6.670396492040694403e-01 4.045679762287211767e-02 2.698628809428064643e-02
2.842631433951406383e-01 4.909475775497966210e-01 1.395583016365347651e-01
3.060182673807080311e-01 4.541540933926758727e-01 1.389794487838829362e-01
3.085045886730879428e-01 4.379683468519838807e-01 1.351152446974036025e-01
5.843351610147834441e-01 6.780956388429634774e-02 3.962351243067255280e-02
5.788240306814850245e-01 1.137578329869150390e-01 6.584576741107736608e-02
6.249949022603996651e-01 7.662239167054643585e-02 4.788860419309123179e-02
3.157011879302727420e-01 4.530018800426777181e-01 1.430132316641202772e-01
3.206546293858716923e-01 4.227196326704906748e-01 1.355470071480880112e-01
