5.737356081373352623e-01 6.044568653915906309e-02 3.467984272582316785e-02
5.208001703156686091e-01 8.319555983946019806e-02 4.332826173389826840e-02
2.471644409245874197e-01 4.779448296122957851e-01 1.181309666039202788e-01
5.124479116237508070e-01 9.101030710920877953e-02 4.663804181435023816e-02
5.915758320554023175e-01 5.287507678422317947e-02 3.127961754362011682e-02
4.829085372852602309e-01 1.320082803474173783e-01 6.374792557211389488e-02
5.434507768304930320e-01 7.753563688199302528e-02 4.213680209556613931e-02
2.305954603004436564e-03 9.892795272653576166e-01 2.281233679555604195e-03
5.918201029862250051e-01 5.282906661544520266e-02 3.126530364501892145e-02
2.238947431004595975e-03 9.893879162083893952e-01 2.215187533261763712e-03
