6.743074962440770426e-01 3.878799305354387744e-02 2.615503448026782612e-02
6.903209490481337918e-01 3.737265207985397686e-02 2.579912465221050749e-02
6.887240642318385175e-01 3.675555451596160261e-02 2.531443488932797956e-02
1.992754341815853626e-03 9.897926176393018194e-01 1.972413536297997882e-03
6.849857741885132523e-01 3.731965585274996111e-02 2.556343335674481076e-02
6.778773196684372282e-01 3.816626483994758900e-02 2.587204531145938929e-02
6.927342496710352515e-01 3.661680686833070075e-02 2.536571623128227801e-02
6.580052703066667785e-01 4.112496106037365901e-02 2.706044111888231476e-02
6.892480652112795703e-01 3.656185040888897120e-02 2.520018465487095308e-02
6.927395514253211761e-01 3.661379884694668241e-02 2.536382658921078684e-02
