3.966554213416599861e-01 2.504557128968188939e-01 9.934461632651352125e-02
3.812659908295828459e-01 3.657093836520937113e-01 1.394325505137915533e-01
3.984924570345803607e-01 2.438868330891941771e-01 9.718706335609558766e-02
3.946945752804780772e-01 2.460031520306477371e-01 9.709610960839538951e-02
3.975958286872438019e-01 2.443143177495298579e-01 9.713835362578292221e-02
3.968482916021007778e-01 2.417648745811487032e-01 9.594397744692502450e-02
3.975645934720876129e-01 2.419568542581483350e-01 9.619347840092588864e-02
1.677515322426350042e-01 6.768109104053280367e-01 1.135360672590265407e-01
3.925824032194323299e-01 2.425762443481842834e-01 9.523116497015442217e-02
3.064200962457918620e-01 4.566230751057899218e-01 1.399184866219655987e-01
