5.155172383133354019e-01 8.389499259810123677e-02 4.324931489249086297e-02
4.949022529293872763e-01 9.212452206077442751e-02 4.559263351792030433e-02
5.133085221854969404e-01 8.429568340239525226e-02 4.326969267390003149e-02
4.062795739638460080e-01 2.180101671001749009e-01 8.857307780924593421e-02
5.328085034908935924e-01 7.638022067743663324e-02 4.069603107544921688e-02
2.222268788774229859e-03 9.894668245174811361e-01 2.198861241652746296e-03
5.673981445516159683e-01 6.111190730531793069e-02 3.467478281504773885e-02
1.906568494781943910e-03 9.898547464044890054e-01 1.887225873905169337e-03
5.711057679468418691e-01 6.065140464552858102e-02 3.463836702713925242e-02
5.503840634896832729e-01 6.870107095485979143e-02 3.781197459822878415e-02
