3.451839978453710156e-01 3.105923255740826727e-01 1.072115006417529298e-01
2.787008845523726297e-01 4.005217728946573463e-01 1.116257723882255054e-01
3.638065060365195946e-01 2.916918661800764201e-01 1.061193986742456352e-01
2.888113020344126869e-01 3.987729258844586733e-01 1.151701279407628536e-01
3.645681013686721816e-01 2.903509466990283894e-01 1.058526933686613214e-01
2.937236502006754235e-01 3.927179806772103654e-01 1.153505587839485508e-01
4.039533411150750264e-01 2.451840362421734421e-01 9.904291062810560708e-02
4.007512984955219904e-01 2.707793034578303559e-01 1.085151574664384999e-01
3.462630127503653621e-01 3.097718884418460550e-01 1.072625473572436927e-01
4.037509361846110534e-01 2.457445095032345095e-01 9.921957577415897733e-02
