5.543837021856041769e-01 7.995528155584563645e-02 4.432590499822205987e-02
5.498338958205108984e-01 8.051290599608124099e-02 4.426872476765592035e-02
5.649760421592135984e-01 9.128773710609117131e-02 5.157538440787017009e-02
5.556183381849936209e-01 7.863081756579153037e-02 4.368872418603249319e-02
3.089827664510406691e-01 3.307927695343002572e-01 1.022092650527096219e-01
5.876470728502830587e-01 7.916573530817200277e-02 4.652151262388758146e-02
5.760332875655341800e-01 8.537098325656219955e-02 4.917652814797969507e-02
5.681376509481484982e-01 7.635047949553239177e-02 4.337758206935655309e-02
5.761888446609092496e-01 8.535937989635888901e-02 4.918312248345467486e-02
5.729465977411487554e-01 7.537663533771823965e-02 4.318678676592090787e-02
