3.368300427105594963e-01 2.844888339914038999e-01 9.582438610400184631e-02
2.710772114611127992e-01 4.175841927667874320e-01 1.131975585254605260e-01
3.451783392563951280e-01 2.817747354829939210e-01 9.726253523842987025e-02
2.861936186020382911e-01 3.460321498815264185e-01 9.903219312723691992e-02
3.535404008965195577e-01 2.787626291810431090e-01 9.855385167563379678e-02
3.491164046719955616e-01 2.861425994065843748e-01 9.989707552832582937e-02
3.572476843634382337e-01 2.786622733433385957e-01 9.955145187135917839e-02
3.615316786446576280e-01 2.914458048544656954e-01 1.053668910629782934e-01
3.490276205650126862e-01 2.862488107898513157e-01 9.990874131954632920e-02
3.614200686095502824e-01 2.783297229642519577e-01 1.005939475698170715e-01
