3.202229707196842523e-01 3.445646763774103394e-01 1.103375242746409551e-01
3.122183296305067191e-01 3.650554997447012506e-01 1.139770183527204911e-01
4.643303493339715482e-01 1.873120093915341677e-01 8.697465075521922107e-02
3.140080579628011237e-01 3.499034924278137115e-01 1.098725161316594784e-01
4.640935741579064744e-01 1.873203928250455896e-01 8.693419061883846111e-02
4.375054239383010524e-01 2.080228243930719034e-01 9.101111397493368005e-02
3.295692211821280582e-01 3.513888969569848308e-01 1.158069651021605417e-01
4.461826768606543259e-01 2.054358332321782887e-01 9.166190999463227906e-02
4.563402090891409690e-01 2.016907382814140393e-01 9.203959367868369545e-02
4.347150755875272554e-01 2.174444956064376933e-01 9.452640034364430399e-02
