5.984933284878223292e-01 5.633314760148269706e-02 3.371501301220716784e-02
5.885262507523858488e-01 6.371421817194306003e-02 3.749748994035317917e-02
5.781768915534081232e-01 6.290710812234692750e-02 3.637143623079269750e-02
5.832127919090347445e-01 5.809242960476235229e-02 3.388024805857251659e-02
6.079251464947951211e-01 6.760470031337578733e-02 4.109859734174569484e-02
5.829859591058750290e-01 5.813234491862531023e-02 3.389034085745831759e-02
5.885073690626915210e-01 6.372336432009582941e-02 3.750166948384298787e-02
5.754570452415954662e-01 6.057282826522714103e-02 3.485706077543420517e-02
1.371618405465613137e-02 9.739979979857416037e-01 1.335953580923902352e-02
6.034673020340277638e-01 6.903227473276150883e-02 4.165872058625137014e-02
