3.767293714926735898e-02 9.373701330820305433e-01 3.531348610919971681e-02
3.955417641332504425e-02 9.377575408105846000e-01 3.709222720214772062e-02
4.458372071817086613e-01 1.151202765337450556e-01 5.132490257979088755e-02
4.420567555733864729e-01 1.160954390484848359e-01 5.132077312264105018e-02
4.217434315476931705e-01 1.420023973417833540e-01 5.988857834292273669e-02
4.083787656883795802e-02 9.349891861522386938e-01 3.818297297728338174e-02
4.424220423829125504e-01 1.158825730217562244e-01 5.126900463287239335e-02
4.449053948863594399e-01 1.152244050415816151e-01 5.126395942557069457e-02
4.419648419124362348e-01 1.161148542635146996e-01 5.131868320825984375e-02
4.223345815747536203e-01 1.428002698685353899e-01 6.030949222368978818e-02
