3.933476056970288681e-01 3.052639695253193675e-01 1.200748515183551607e-01
3.547212605811230768e-01 2.565900549130518682e-01 9.101794773133735361e-02
3.855334607127469115e-01 2.471816526533817948e-01 9.529679797215442894e-02
3.699857353093242707e-01 2.486399787772602676e-01 9.199324537519942835e-02
3.699857353093242707e-01 2.486399787772602676e-01 9.199324537519942835e-02
3.337747242074575738e-01 3.745898852503291576e-01 1.250286356403317867e-01
3.646516228635457990e-01 2.491499196592306675e-01 9.085292254006051282e-02
3.647340204822100973e-01 2.506322127354264073e-01 9.141409461334465414e-02
3.646879258189897888e-01 2.580976024955718984e-01 9.412507931296423824e-02
3.742959192883262842e-01 2.480071908385582669e-01 9.282807948503353501e-02
