3.575499558196631456e-01 3.099095713098051208e-01 1.108081535299115655e-01
3.163401869205195727e-01 3.546158249173558819e-01 1.121792363393306069e-01
3.563539707978481408e-01 3.088930675451696528e-01 1.100752711716491139e-01
4.135109611374679917e-01 2.649114395974251912e-01 1.095437840042415845e-01
4.171438916691139753e-01 2.652352141655430762e-01 1.106412494447055472e-01
3.167243953836475501e-01 3.542993193563420684e-01 1.122152377079752988e-01
4.051120538159415085e-01 2.602475962127838716e-01 1.054294382024227178e-01
3.560193003189673355e-01 3.079907354517296691e-01 1.096506461402489696e-01
4.171687540327790877e-01 2.652168731564396031e-01 1.106401925231415284e-01
4.060936384737044991e-01 2.602781811488086294e-01 1.056973135980376621e-01
