3.184096899760446853e-01 4.233757351006245395e-01 1.348069365567698685e-01
3.424426183149337222e-01 2.946024597945535173e-01 1.008844376940668947e-01
2.935129411496482151e-03 9.886781662719816843e-01 2.901898364329302815e-03
3.487117300371464501e-01 3.001492714034945664e-01 1.046655717005016001e-01
3.474393117694676292e-01 2.928013925008652318e-01 1.017307142956423716e-01
3.450832556291597020e-01 2.919255612300220015e-01 1.007386230706256020e-01
3.425430306933873736e-01 3.098988693385502091e-01 1.061536979116810414e-01
3.465229693089179608e-01 2.912925609337293498e-01 1.009395631523548054e-01
3.484903898968757519e-01 3.076311523409375193e-01 1.072065002237184983e-01
3.413229225372894637e-01 2.945265069235393773e-01 1.005286481078416783e-01
