3.461403387699810152e-01 3.524797538423610210e-01 1.220074614045543598e-01
3.505987223739098213e-01 2.933317848225757141e-01 1.028417489904536741e-01
2.618055798560427472e-01 4.702277708204569140e-01 1.231082542040640992e-01
3.508475491127571178e-01 2.929770224282075008e-01 1.027902702652898764e-01
3.454880425788602882e-01 3.385405323560608526e-01 1.169617058573007851e-01
2.626655662348935660e-01 4.690046780088014122e-01 1.231913793159957610e-01
3.563947864998679993e-01 2.926426206464531887e-01 1.042963043060545492e-01
3.571427847473848671e-01 3.439579277914902034e-01 1.228420921673927385e-01
3.485874795791637504e-01 3.136974458017598999e-01 1.093510019824567997e-01
3.522143038702208462e-01 3.053678218856327176e-01 1.075549148098137175e-01
