5.580149008397058408e-01 8.995060905198724865e-02 5.019378019061580820e-02
5.670974002955931903e-01 9.432479391520837142e-02 5.349134541273225379e-02
5.767621259135465861e-01 9.313864949465011644e-02 5.371884548725107400e-02
5.672163106867414983e-01 9.432667072600040004e-02 5.350362616856500775e-02
5.700507878899091496e-01 9.139660015510436830e-02 5.210070392887623802e-02
4.036445747848905197e-01 2.414103789299021918e-01 9.744398975181967071e-02
4.100338090347928621e-01 2.353454376194407671e-01 9.649958622605953051e-02
5.799595116074965917e-01 8.505487382088590398e-02 4.932838308099823932e-02
4.031928879056392856e-01 2.407095436113101117e-01 9.705237603509254962e-02
4.084749514913655344e-01 2.356262362451685966e-01 9.624741542033828090e-02
