4.505959139707579886e-01 2.328678994606530883e-01 1.049293239919235621e-01
4.506024330031758729e-01 2.051995640564552026e-01 9.246342281502975546e-02
4.490595235620853387e-01 1.970623511423517660e-01 8.849272551600884107e-02
2.007297020541713576e-04 9.915016252004978936e-01 1.990238258127226159e-04
4.501466174502597450e-01 2.329700735545777446e-01 1.048706905777313791e-01
4.451573815269179168e-01 1.995778829571589752e-01 8.884356778789458120e-02
2.571451553330270047e-04 9.914466166754356546e-01 2.549456942494089575e-04
4.447777203004347757e-01 1.996168676972809308e-01 8.878513534791010464e-02
4.491237744217494443e-01 1.969603552544365588e-01 8.845957816332120083e-02
4.500615607057690259e-01 2.058173929405761604e-01 9.263049708722823072e-02
