7.858224639561507685e-02 8.740058965973611649e-01 6.868134671763430343e-02
5.815728319891090292e-01 1.383852188855692056e-01 8.048108365271321174e-02
7.825039292100878507e-02 8.744335937285906413e-01 6.842477229259198712e-02
7.496856918235075273e-01 3.207759023996802072e-02 2.404811043108141810e-02
5.817419353403484594e-01 1.384531301439702045e-01 8.054399188388236541e-02
7.851771311711850387e-01 2.403927152484217067e-02 1.887508625132073431e-02
7.497131359344153534e-01 3.204549089540521811e-02 2.402492547175200110e-02
5.871436605761815031e-01 1.348519722619166694e-01 7.917748062977944534e-02
5.870215038247033057e-01 1.348712099723390623e-01 7.917230050061979663e-02
5.347257555701889764e-01 1.783480515244536546e-01 9.536729660588447177e-02
