6.099217943098029782e-01 8.017337673753634208e-02 4.889948979563398662e-02
2.004276111942994085e-02 9.692518852781426553e-01 1.942648400118692636e-02
1.943186486438982022e-02 9.705139794009092213e-01 1.885889649671967233e-02
1.296323588137406890e-01 7.662182358830424977e-01 9.932667728362196136e-02
1.886846240635828287e-02 9.711471495634721451e-01 1.832405348258037830e-02
6.000195489612153432e-01 8.208256907819305725e-02 4.925114607587519761e-02
2.081197761584689318e-02 9.690908493326645390e-01 2.016869706403346882e-02
2.154530467292848153e-02 9.683007871088537000e-01 2.086233547329671353e-02
2.211918931094441695e-02 9.675113899528819950e-01 2.140056759486276203e-02
6.560758495527911904e-01 4.007532399541849366e-02 2.629245223639754478e-02
