1.115136454921813874e-01 8.446692335967417309e-01 9.419214547345960975e-02
6.533362952869564699e-01 4.568928670171629181e-02 2.985046930800292972e-02
1.121542280954295340e-01 8.439306125808311299e-01 9.465038642010610570e-02
5.421816205340510564e-01 1.464537589412653884e-01 7.940453635607853944e-02
1.123396765830003002e-01 8.431993759833666946e-01 9.472474519295907835e-02
1.183435772040259959e-01 8.359883313966512963e-01 9.893384963830446910e-02
1.149583871865747370e-01 8.402519435914133084e-01 9.659400826565364695e-02
1.111438050500119790e-01 8.452534857126638990e-01 9.394468863389139612e-02
2.524908424812465912e-01 5.827977267138204631e-01 1.471510890141278505e-01
5.424189212258572201e-01 1.462879102781129148e-01 7.934933048143899548e-02
