5.533527768134218761e-01 7.029490699698727474e-02 3.889788198262414398e-02
4.747029666743393835e-03 9.866623764753259529e-01 4.683715572187911388e-03
5.828103163507400986e-01 5.814550862400707371e-02 3.388780227553225138e-02
6.033930012691224309e-01 5.346073367419000577e-02 3.225783254171874642e-02
5.594296046893695307e-01 7.017969671212226368e-02 3.926059998888240671e-02
3.585044165223667118e-03 9.879714008842280792e-01 3.541921106147854353e-03
2.386150414727552290e-03 9.892221516380035329e-01 2.360432847388703893e-03
5.533527768134218761e-01 7.029490699698727474e-02 3.889788198262414398e-02
6.041973040538697326e-01 5.682060192018321965e-02 3.433085449489283597e-02
5.533484792067580038e-01 7.029828071617535978e-02 3.889944672514539931e-02
