3.126701645871327595e-01 3.622440078055889079e-01 1.132628935412760829e-01
4.371429776736749928e-01 2.357466193876815996e-01 1.030549791756336514e-01
2.369012395506076441e-03 9.894674007351137446e-01 2.344060537290662723e-03
3.012731822846159702e-01 4.064012254117903011e-01 1.224377904641776038e-01
4.350673436853847997e-01 2.063084000257257022e-01 8.975804757917425769e-02
3.198965917679709725e-01 3.430961084153963947e-01 1.097552757309395721e-01
3.209303809854233691e-01 3.317744581268846082e-01 1.064765032478934698e-01
4.454478531043224998e-01 2.206808451599502341e-01 9.830180869774725327e-02
2.928326245831199270e-01 4.314274860450046378e-01 1.263360430558560510e-01
3.130549203116431700e-01 3.458096120058264944e-01 1.082574005294842517e-01
