7.367171262463128034e-01 2.674412405293681572e-02 1.970285421625450270e-02
7.023616024269102587e-01 3.202189138087900566e-02 2.249094694301464331e-02
7.420064213426385002e-01 2.636334239163763346e-02 1.956176934264971731e-02
7.084697765984632190e-01 3.221376973755101653e-02 2.282248224935710251e-02
7.075521014661120267e-01 3.116420137666450069e-02 2.205029617457206909e-02
2.331233961517924780e-01 5.621746032398822202e-01 1.310560527375678186e-01
7.909609425615460321e-01 2.117938920485656906e-02 1.675206964835118315e-02
3.957858988334504724e-02 9.322115890744032685e-01 3.689562016847718756e-02
7.119065893747430485e-01 3.091049693842248466e-02 2.200538645131078913e-02
7.980573828987715945e-01 2.036139989515608345e-02 1.624956551248358735e-02
