3.594551610043419942e-01 2.990099487954442914e-01 1.074806692861664803e-01
3.503496498377240420e-01 3.064224631115980979e-01 1.073550026535613072e-01
3.344209171167825678e-01 3.190693388018609467e-01 1.067034609059637623e-01
3.601001967211244215e-01 3.242693850834946212e-01 1.167694693592044586e-01
3.655121803425839255e-01 2.895749950652931615e-01 1.058431878190082831e-01
3.584897780200895778e-01 2.997572930813844905e-01 1.074599254566484530e-01
3.737435100243118868e-01 3.160564577990332968e-01 1.181240499036615016e-01
4.047626065332945999e-01 2.956300762543577210e-01 1.196600002343504721e-01
3.335262555660815642e-01 3.412079529005910272e-01 1.138018109003020445e-01
2.943957519872368311e-01 3.773216292786453208e-01 1.110818847925361813e-01
