6.052348219149794595e-01 5.543572047116913232e-02 3.355162840709663419e-02
6.052348219149794595e-01 5.543572047116913232e-02 3.355162840709663419e-02
5.899034329804464516e-01 6.284562614887100052e-02 3.707285061302471874e-02
5.773152439833626470e-01 5.892694909978137691e-02 3.401942599673547785e-02
5.779790343064716840e-01 6.432352321362141967e-02 3.717764783019882058e-02
5.937337948878181892e-01 5.737428918746816098e-02 3.406505444826658791e-02
5.625485138251575812e-01 6.419513401869336722e-02 3.611287723702277103e-02
6.026453811888636825e-01 5.425273775926471587e-02 3.269516182747154304e-02
9.622211836184858813e-02 8.144364073329906084e-01 7.836679638459374819e-02
5.431646856784486666e-01 7.706832353839451755e-02 4.186079173049704616e-02
