4.577681198184682110e-01 1.937638965123356649e-01 8.869893459515214296e-02
4.579105265139352121e-01 1.939243874476537788e-01 8.880001836004751403e-02
4.798747714046529000e-01 2.424340290623160921e-01 1.163379742769879155e-01
5.474761286162860285e-01 1.576338253240343323e-01 8.630075642737818076e-02
4.554742105810067332e-01 1.938248647259353530e-01 8.828222725201582965e-02
4.784670460398993685e-01 1.889119528976185014e-01 9.038814406455213113e-02
6.388923758472287995e-01 1.089492927769899755e-01 6.960687250916644531e-02
4.472268964200162844e-01 1.947222933525921129e-01 8.708504691986773683e-02
9.878409644008316615e-03 9.799326049553812590e-01 9.680175695269429767e-03
4.831970924825739200e-01 1.947653699533506977e-01 9.411006047775191674e-02
