6.881139289017437211e-01 4.840253967535010360e-02 3.330646174482768812e-02
6.031897513619166595e-01 6.724063823232021009e-02 4.055886385676981537e-02
6.824038942474680569e-01 5.632081535006009526e-02 3.843354372207358205e-02
6.981261349591720844e-01 5.601379401763059013e-02 3.910469352192763592e-02
7.287415282306279884e-01 3.432144049892915660e-02 2.501145900026620003e-02
7.534110502700552825e-01 2.786727346197334643e-02 2.099551176714817974e-02
6.964399205216885713e-01 5.646431330546782673e-02 3.932400187077173676e-02
6.268990684529642810e-01 5.323917963067339998e-02 3.337559211566918510e-02
7.061126093536193027e-01 4.454005743383140925e-02 3.145029617536276856e-02
7.224332455231153860e-01 3.992299886142962329e-02 2.884170163847824334e-02
