6.255704976520193306e-01 5.570933722687526624e-02 3.485011781288052668e-02
6.731639254306721609e-01 3.983562997825837448e-02 2.681590904816816973e-02
6.661880069822825323e-01 4.180550626159032501e-02 2.785032689729419197e-02
5.827648101168990680e-01 6.107198538526541903e-02 3.559060396650623459e-02
6.078958008057928630e-01 5.885412382507574508e-02 3.577717473336771564e-02
5.818527049820347054e-03 9.851355134538147817e-01 5.732037632769677524e-03
5.532120904127665710e-03 9.856672303563457360e-01 5.452830289567959544e-03
6.843286247968989322e-01 3.742604773366877552e-02 2.561171577716464878e-02
6.327531185148983495e-01 4.863305888532080956e-02 3.077271967260543015e-02
6.092563822364568393e-01 7.502728145819087535e-02 4.571085007025377234e-02
