9.958975665520308773e-02 8.311966663700254276e-01 8.277867373640686310e-02
9.673027969477750176e-02 8.301065144817100228e-01 8.029643532227268010e-02
9.116105908162122629e-02 8.422161200662083846e-01 7.677731348084941565e-02
9.227972311716418907e-02 8.402552877789924990e-01 7.753852530397854770e-02
2.181541354168851921e-01 6.014581446460426362e-01 1.312105815347013038e-01
9.570402925327699262e-02 8.386664463846825734e-01 8.026375811854152831e-02
6.684970673611384528e-01 4.249174471560068778e-02 2.840560672943721193e-02
5.822886651049350437e-01 1.325048711206943675e-01 7.715608452477058787e-02
6.022491440143015184e-01 1.106415325534655936e-01 6.663376827275513392e-02
2.229188992931549762e-01 5.909173743108406818e-01 1.317266506545738680e-01
