6.310769359773710230e-01 4.762703691242053256e-02 3.005632452437149993e-02
2.769122009046855876e-03 9.890117373568831916e-01 2.738694169120613631e-03
6.241860609337473997e-01 4.967317428850064748e-02 3.100530299321472075e-02
6.255663294592503920e-01 4.906917296794980482e-02 3.069602242316142940e-02
6.292669835139577117e-01 4.918572329320763936e-02 3.095095172866897670e-02
6.276859536381144133e-01 4.947410463385327334e-02 3.105420054749204878e-02
6.439784789788192132e-01 4.390469656497970885e-02 2.827367971394222079e-02
6.133834244064771957e-01 5.361228784542619585e-02 3.288488870889327842e-02
6.273665784560189529e-01 4.866791908154875779e-02 3.053262587476563913e-02
6.228585955246621619e-01 5.228751774079348769e-02 3.256772986350148918e-02
