4.219497212010993592e-01 2.988754346186460187e-01 1.261104063111950779e-01
4.372386298755623346e-01 2.048647297991020300e-01 8.957477376718665785e-02
4.459025177370010140e-01 2.082520950314633579e-01 9.286013349853471099e-02
4.403705184855278842e-01 2.048164874094515198e-01 9.019514275488475785e-02
5.543945543263998355e-01 1.495107784404844653e-01 8.288796138050549822e-02
5.222559162417172995e-01 1.644479596770291319e-01 8.588391985520782423e-02
4.330658222439917604e-01 2.061141973659755267e-01 8.926101435845659737e-02
5.220673247525399185e-01 1.643635066456693994e-01 8.580881620145093536e-02
4.203515968570037398e-01 3.005927662093578756e-01 1.263546492797675835e-01
4.396359974980632579e-01 2.049840694332757951e-01 9.011837583651045869e-02
