5.937978363852226549e-01 9.758851658159464759e-02 5.794785000219432325e-02
5.973293084291493305e-01 7.636182246029635245e-02 4.561315460059830323e-02
4.639562926351702976e-01 2.406974495581240547e-01 1.116730963437281426e-01
5.354999932449483468e-01 1.386918254694518848e-01 7.426947160202103382e-02
5.834221925039374534e-01 6.980068451257989692e-02 4.072326839660499187e-02
6.780844955218923165e-01 3.692645314448532445e-02 2.503925535189112372e-02
6.176174964739571394e-01 7.937717093398394264e-02 4.902472958943251968e-02
6.261376029333366455e-01 6.226497106501542589e-02 3.898643972936232521e-02
6.051742204846038975e-01 6.378601028379196625e-02 3.860164905131673041e-02
6.591814995544353906e-01 4.277937421420195674e-02 2.819937204451799032e-02
