3.495383371386773796e-01 3.067293723818304008e-01 1.072136747739351470e-01
3.495178070392283565e-01 3.079510329288535075e-01 1.076343697047580789e-01
3.332984270878835975e-01 3.504411891796272438e-01 1.168014971403772140e-01
3.459044052162196792e-01 3.348163977862784746e-01 1.158144669328998733e-01
3.514692130417181315e-01 3.366198274797983503e-01 1.183115058585636481e-01
4.384229413583625723e-01 2.641071465713792366e-01 1.157906320335882616e-01
3.412510360717960767e-01 3.208363857950645714e-01 1.094857490620962659e-01
3.115765803199094797e-01 4.213166549507705860e-01 1.312724025813843676e-01
3.208715163503869094e-01 3.892456908465722343e-01 1.248978550547935468e-01
4.609223747680369909e-01 2.067834465727256821e-01 9.531111725702022530e-02
