3.965120338481580298e-01 2.045874672364401681e-01 8.112139273376428594e-02
3.968722792259989918e-01 2.045651956221351542e-01 8.118625543686912305e-02
3.964880615876258396e-01 2.045925340524428204e-01 8.111849724175337895e-02
2.892317102159863151e-01 3.276004219775000559e-01 9.475243031603113042e-02
2.871838316465930019e-01 3.353943739840568039e-01 9.631984143345181937e-02
2.873232206127268040e-01 3.354117038563507736e-01 9.637157098320886517e-02
2.891704222376016986e-01 3.276014479008735880e-01 9.473264901514528991e-02
3.874428962433947854e-01 2.084338281173976348e-01 8.075620604090247290e-02
2.812429081135424669e-01 3.586566988482073892e-01 1.008696529984728640e-01
2.872975936180939271e-01 3.353476786384111952e-01 9.634458109822942318e-02
