5.988213604185095296e-01 5.880537393211358876e-02 3.521391401794741333e-02
5.925787630137114848e-01 6.063319765514172538e-02 3.592994526404975214e-02
1.460741357563090891e-02 9.716502387303026511e-01 1.419329688799403702e-02
5.871195048050785736e-01 6.183698479407587906e-02 3.630569989093700156e-02
5.916135342326275248e-01 6.081337954775993537e-02 3.597801840288044478e-02
5.853445850338340195e-01 6.288892441975540981e-02 3.681169136770588018e-02
5.798955997544549268e-01 6.512530233757322928e-02 3.776587625823723399e-02
6.645924260159263158e-03 9.845092573397140612e-01 6.542973957705385153e-03
5.934562952463277030e-01 6.168570703014554513e-02 3.660777116376053020e-02
5.961394015643991517e-01 6.122437514502802880e-02 3.649826236011128461e-02
