3.825094819872478236e-01 2.948555172359355603e-01 1.127850311589997379e-01
3.434035714503542724e-01 3.243177840194051975e-01 1.113718853171283829e-01
4.291284552706926547e-01 2.482268534271918625e-01 1.065212061679154804e-01
3.801403717512606417e-01 2.772215374047921066e-01 1.053830982865136823e-01
3.548246488441600399e-01 3.102960946867368563e-01 1.101007028349356431e-01
3.661850661250966588e-01 2.889640258178141630e-01 1.058143109018704203e-01
4.128432813531375811e-01 2.786071943531001072e-01 1.150211083253251942e-01
3.889604429849302103e-01 2.706878830911655376e-01 1.052868789177927450e-01
3.925438645419905836e-01 2.703468595257085827e-01 1.061230010050123046e-01
3.880509536292223172e-01 2.688566419273567543e-01 1.043300762894611433e-01
