3.954598194474884809e-01 2.767020586807125704e-01 1.094245461666229491e-01
1.711813143636620460e-01 7.233875674971976810e-01 1.238304345985025978e-01
3.659929107410775373e-01 2.972124029327197214e-01 1.087776324576960607e-01
3.667829183290481909e-01 2.962503023451688589e-01 1.086595504500239007e-01
1.131499472270368900e-01 8.107223794399691652e-01 9.173319444941029077e-02
3.415493428849126212e-01 3.182114159989143931e-01 1.086849000329067755e-01
1.129441551057826787e-01 8.109863681352328380e-01 9.159617015134111084e-02
3.396858138307292663e-01 3.266908597868728448e-01 1.109722505777645668e-01
3.201577947056982176e-01 3.373128672371286108e-01 1.079933437004950564e-01
3.535578762348315363e-01 3.206076054024952215e-01 1.133533440708411055e-01
