7.542734199694912239e-03 9.828086542382661328e-01 7.413064448079102059e-03
2.894710590957928851e-03 9.889522973804920625e-01 2.862730689179485578e-03
4.404134362038581441e-01 2.026355211756457886e-01 8.924340617792582420e-02
5.114178911104899465e-03 9.863550582839962777e-01 5.044396237937657894e-03
4.536738235705888300e-01 2.062745459344773602e-01 9.358136195938140944e-02
5.161627723321122845e-03 9.862986365273510581e-01 5.090906385773398546e-03
5.959202078625915888e-01 1.293323445172946951e-01 7.707175762810256070e-02
4.433817373915522331e-01 2.027032497018008694e-01 8.987491902769810526e-02
4.331413272766944655e-01 2.037326076855976442e-01 8.824501210248185401e-02
4.434980086353619844e-01 2.026273817747935579e-01 8.986484031211817991e-02
