4.380319040388263585e-01 1.160353061015513276e-01 5.082716606739057230e-02
6.619453669349763952e-03 9.845194742778879959e-01 6.516981046555066041e-03
4.395260797535651132e-01 1.157693998995873719e-01 5.088367049328840902e-02
4.393342979547199545e-01 1.158087360125533982e-01 5.087874973309863824e-02
4.393653733830138464e-01 1.158079733143504708e-01 5.088201343598969945e-02
3.584077676763550713e-01 2.079402465345359663e-01 7.452739957051396358e-02
4.402176381750750878e-01 1.156736241196064663e-01 5.092156960908456043e-02
4.064340351425986264e-01 1.463725003834049632e-01 5.949076596473884537e-02
4.394138684316327148e-01 1.157852947550100514e-01 5.087766427579579892e-02
2.911157843214328134e-01 3.050176506416550359e-01 8.879545259842619442e-02
