6.286763156700506672e-01 5.079903419230082789e-02 3.193614965561260982e-02
7.223517257080263043e-01 4.150418662011126636e-02 2.998062082914534909e-02
6.399264414816855373e-01 4.939833939582430333e-02 3.161130354467440312e-02
7.803390863836257019e-01 2.423246882436478136e-02 1.890954258322450482e-02
6.997339588277045053e-01 5.671815574490054329e-02 3.968761965678557074e-02
6.568529256836457275e-01 4.910319164609706910e-02 3.225357509314361049e-02
1.107453765109961928e-03 9.906689877365811858e-01 1.097120100446551507e-03
7.038116670244017881e-01 5.349549850086930680e-02 3.765075597819821096e-02
6.749888547704830932e-01 5.521106251885626870e-02 3.726685186026433561e-02
6.555032036513839255e-01 4.871905347819194265e-02 3.193549563381791606e-02
