1.156700241990355621e-02 9.770816607417424082e-01 1.130190593424311961e-02
1.586912818152106872e-02 9.753392870524776326e-01 1.547778416670913919e-02
4.176375026809856818e-03 9.872580692105545896e-01 4.123159945267477512e-03
5.853441185443216677e-01 7.831826168864254589e-02 4.584313385406198899e-02
5.811120190327043744e-01 8.447892774119483694e-02 4.909172026540366968e-02
5.842207533775338468e-03 9.845904036369990120e-01 5.752181473810976872e-03
5.848604950383090584e-01 7.845581750621606620e-02 4.588570826532076263e-02
6.239794739151307557e-01 5.294077323202984325e-02 3.303395582998221863e-02
1.649950526620114211e-02 9.739364837017062682e-01 1.606947014178172414e-02
6.533985064898138045e-03 9.844309472727041932e-01 6.432257106903375293e-03
