1.306678754013581960e-02 9.779955354580180948e-01 1.277925987703129075e-02
1.432794023266958754e-02 9.764323148868416791e-01 1.399026384894587818e-02
5.804529520423524769e-01 8.427643193788386666e-02 4.891850370594108544e-02
1.423618188317548293e-02 9.765884765039419824e-01 1.390289117652336419e-02
5.850925558822298589e-01 7.837425411948864551e-02 4.585619265813499490e-02
6.232846476898512567e-01 5.307207980465570435e-02 3.307901256321250233e-02
1.360084168063945692e-02 9.775263541229206599e-01 1.329518118107854592e-02
1.505843309070247459e-02 9.754940144027003379e-01 1.468941134626381914e-02
5.803145974480942160e-01 8.448754115169848644e-02 4.902935343282720237e-02
1.323302265742191258e-02 9.776833117215033564e-01 1.293770541579394515e-02
