5.213750719810009843e-03 9.865469063960011775e-01 5.143609643348489441e-03
2.866371948887279641e-01 3.689244073399197132e-01 1.057474572459010248e-01
2.843629483490935916e-01 3.685708737944629609e-01 1.048079003477951632e-01
3.888929632338649078e-01 2.886026323185945097e-01 1.122355328794718138e-01
3.948025774344348093e-01 2.833796579395004844e-01 1.118790193470032834e-01
3.831669950091376453e-01 2.682736113482649398e-01 1.027935935005639678e-01
2.842288709207465569e-01 3.680429199032547727e-01 1.046084235744768609e-01
3.537487536522141984e-01 3.276192912318624528e-01 1.158949159456931360e-01
3.824496024762775725e-01 2.674922824506762442e-01 1.023023170887332883e-01
2.833638038818909743e-01 3.677948400004186214e-01 1.042197449106500862e-01
