6.751092533150294672e-01 3.939792860249309581e-02 2.659790616098795663e-02
9.826626471041007005e-02 8.311665101467493599e-01 8.167562830450821043e-02
6.752016053421650010e-01 3.925584848760944878e-02 2.650561191790270013e-02
6.729684571901985990e-01 4.070430608302703923e-02 2.739271406569232167e-02
6.730185267675660166e-01 4.188779097064748019e-02 2.819125936861292120e-02
6.822073113432620683e-01 4.033422097475920787e-02 2.751630044631548505e-02
6.816506727086591999e-01 4.047154493218928922e-02 2.758745582858555465e-02
6.693099683193263205e-01 4.184721321386002113e-02 2.800875695042074481e-02
6.501441378457447628e-01 4.278860513785431863e-02 2.781876079697230206e-02
6.887704389199047483e-01 3.797278659782589438e-02 2.615453289199641887e-02
