6.081649227832801596e-01 9.046564270128713836e-02 5.501803060796810196e-02
6.830590442456129230e-01 3.514041249461693356e-02 2.400297657296963580e-02
1.396525738520515980e-01 7.440074666820335469e-01 1.039025576872905088e-01
3.078818937652400001e-02 9.503755846606758428e-01 2.926034347935760685e-02
1.477518809198156424e-01 7.464373391845757766e-01 1.102875208533034834e-01
6.100538302479807662e-01 8.594189159777791687e-02 5.242918014798117476e-02
3.080205458865933194e-02 9.536968610277711811e-01 2.937582277441046219e-02
2.650368020759806265e-01 5.037435490026040963e-01 1.335105792940552427e-01
3.203226698321785804e-02 9.476500154037147405e-01 3.035537830006230717e-02
3.425402288562611752e-01 3.543201297151935547e-01 1.213688983210225447e-01
