5.583191616367694232e-01 7.780724366827773686e-02 4.344127505414065865e-02
5.746790927421758788e-01 7.510458214589356418e-02 4.316103312838233397e-02
5.627864487079839995e-01 8.080200989050310978e-02 4.547427619474364580e-02
5.524161727369283348e-01 7.864849852937749741e-02 4.344670254910465435e-02
5.561935481408772919e-01 7.910042737182103323e-02 4.399514735939290960e-02
5.540277523889379774e-01 7.904707670706109801e-02 4.379427424092903476e-02
5.631000503708941674e-01 7.885830849681477184e-02 4.440511748671990833e-02
5.566161175998870503e-01 7.905029424893181278e-02 4.400066787996910478e-02
5.586920633060640240e-01 7.862865817194070184e-02 4.392920726906876516e-02
5.639664805494393196e-01 7.679226225994756350e-02 4.330826188017215805e-02
