2.825644832454614064e-01 3.431461845719222525e-01 9.696092432121693194e-02
2.986030576956766325e-01 3.546178495518979013e-01 1.058899741896621449e-01
4.073320740167814535e-01 2.298154613399134294e-01 9.361120850871039456e-02
3.935304997895586743e-01 2.273854932950196694e-01 8.948312682128443940e-02
1.058542763295647754e-01 7.845320764830331361e-01 8.304607521344223309e-02
4.005230726374970351e-01 2.543414010293468253e-01 1.018695994391998483e-01
3.796407379404242444e-01 2.556815130582175688e-01 9.706711829514592937e-02
3.928618438689775449e-01 2.289264838000713564e-01 8.993648053613764737e-02
4.048038806169229620e-01 2.239906441346394828e-01 9.067228196758628234e-02
4.139061989560439137e-01 2.255532456599834701e-01 9.335788657332257101e-02
