4.811507395273321164e-01 1.974382636253445011e-01 9.499756655432686769e-02
2.909299247371597841e-01 4.121815839114664204e-01 1.199159571854062356e-01
2.898231786133844134e-01 3.958378689690523755e-01 1.147229894001591255e-01
3.030346291606114684e-01 3.812742734081849827e-01 1.155393080507309267e-01
2.953259289901815632e-01 4.003162554828284536e-01 1.182237700403371700e-01
3.017590965344728038e-01 3.820818015559556136e-01 1.152966592397888929e-01
4.288702862330103227e-01 2.487672666021413515e-01 1.066888888330639468e-01
2.981050648912046408e-01 4.027606223658926066e-01 1.200649814660063874e-01
2.877648757222579512e-01 3.947261419597888343e-01 1.135883191853849783e-01
4.244094493150152303e-01 2.469547014952149233e-01 1.048099088673381390e-01
