3.681868548732047386e-01 2.812003865102543076e-01 1.035342858983400866e-01
3.622802178460725053e-01 2.880895897521468241e-01 1.043691593345934115e-01
3.789752964632657206e-01 2.742679247938198395e-01 1.039407681091025354e-01
3.787011046045356544e-01 2.735886681048078639e-01 1.036083308185744289e-01
3.620993458901021755e-01 2.907123456777234161e-01 1.052667502120809145e-01
1.600946287863505291e-01 7.253598190972365689e-01 1.161262109749064686e-01
3.098439297679279614e-01 4.471524381136602888e-01 1.385474686304467018e-01
3.934131947624180392e-01 2.569192375858677657e-01 1.010754180545809511e-01
3.697497991970304931e-01 2.798749883763245738e-01 1.034837207524172548e-01
1.603836892472906561e-01 7.251625881099590387e-01 1.163042511851886951e-01
