4.126968111446752130e-01 2.621900096761845544e-01 1.082049809073529073e-01
3.732035215494018954e-01 3.841398573180692666e-01 1.433623475185882290e-01
3.467014782325062994e-01 3.127112974254384059e-01 1.084174690774044325e-01
3.705618132014236177e-01 3.130870512091110114e-01 1.160181053859351413e-01
4.350767714748228210e-01 2.353894048945018302e-01 1.024124623208797075e-01
3.945597341114821521e-01 2.836306438960153331e-01 1.119092314414802947e-01
3.219780567474779809e-01 3.366767713430993680e-01 1.084025325890661112e-01
3.714334872362704543e-01 2.778377781914823097e-01 1.031982548396396804e-01
3.823878706739835542e-01 2.771711597655555082e-01 1.059868895949892670e-01
3.612931776931950223e-01 3.027676037617970661e-01 1.093878696656538085e-01
