4.832806691923203779e-01 2.166299272620979544e-01 1.046930562143103816e-01
2.899403927177860441e-01 3.616643340581653376e-01 1.048610990488410138e-01
4.137309498226448001e-01 2.754359263713578865e-01 1.139563674329019533e-01
3.020460848877703497e-01 3.599118160931247257e-01 1.087099549557755396e-01
3.125506115424787068e-01 3.632209732864645213e-01 1.135249373257388034e-01
3.333509186836394189e-01 3.671914546765148724e-01 1.224036087491981728e-01
2.942688775512372623e-01 3.618296193896133328e-01 1.064751959625729050e-01
2.958248935114308753e-01 3.611272661537218709e-01 1.068304350539989317e-01
6.178149589749619697e-01 1.046266190852125771e-01 6.463989037781958658e-02
3.864610192160629065e-01 3.049285386718003088e-01 1.178429938431685975e-01
