3.486776206971914371e-01 2.990079668457998885e-01 1.042573864492982033e-01
4.657972863175499634e-01 2.103559645551403567e-01 9.798323745049510036e-02
3.494896864062605468e-01 3.006989957368179089e-01 1.050911977227379640e-01
3.546912196931257810e-01 2.986845217926451523e-01 1.059407773380913187e-01
3.554926256610047020e-01 2.987568187663520725e-01 1.062058459373794173e-01
3.496609324133653218e-01 3.048405201820779675e-01 1.065908205242406953e-01
3.486159104501371231e-01 3.079760920025150783e-01 1.073653657103319919e-01
3.371441215954085746e-01 3.431452135435727469e-01 1.156893915998167266e-01
3.520015142869420410e-01 2.996173857896687887e-01 1.054657735046583278e-01
3.516594010380644231e-01 3.013437380632752460e-01 1.059703584339027477e-01
