5.442004155042047264e-01 8.978031586841446476e-02 4.885848519968989667e-02
5.483211532960260426e-01 8.884801924721455468e-02 4.871724838170020389e-02
5.483211532960260426e-01 8.884801924721455468e-02 4.871724838170020389e-02
1.879933451353579159e-03 9.899518995975273850e-01 1.861043691284411600e-03
5.602772620099911727e-01 8.732218846529848921e-02 4.892463666605786909e-02
5.564806075227977100e-01 8.927450884266310838e-02 4.967953291706454083e-02
8.008757719861951761e-04 9.908663106753493599e-01 7.935608214972335317e-04
2.053769370427780132e-04 9.914951155592937049e-01 2.036302299264429840e-04
5.398650088982227535e-01 9.104811277611368769e-02 4.915369021404300542e-02
5.526403749719227543e-01 8.826464279316009742e-02 4.877860528997481765e-02
