3.462319279843881215e-01 3.014895901374534670e-01 1.043853220605134857e-01
3.525970316264444571e-01 3.151316082076092151e-01 1.111144696256706893e-01
3.473143387656603132e-01 3.039339591253160666e-01 1.055606220420383795e-01
3.483382431569245763e-01 2.993729719461980521e-01 1.042830550964058967e-01
3.492503409602831232e-01 3.019500657248689879e-01 1.054561634073903909e-01
3.551902465614997784e-01 3.007451189112012591e-01 1.068217329382371433e-01
3.505983088157062499e-01 3.020882988300442884e-01 1.059116466828272235e-01
3.412186725651970010e-01 3.029056235717275669e-01 1.033570547876781209e-01
3.471179384085106845e-01 3.023721956468240490e-01 1.049588131849804179e-01
3.556424119299021469e-01 3.008129798821778111e-01 1.069818537051188539e-01
