6.437473110246743069e-01 5.076728458976309533e-02 3.268130294268437736e-02
6.518020383244627070e-01 4.809866573765060604e-02 3.135080836848766483e-02
6.187203619203198723e-01 5.460965972314758832e-02 3.378810842825138994e-02
6.413923643635272009e-01 5.223467180392148135e-02 3.350291965007006628e-02
6.450670691215011354e-01 6.737124321832758944e-02 4.345897040591838872e-02
1.588322159249349122e-02 9.719889423148037055e-01 1.543831575623940029e-02
6.192162498248706681e-01 5.656748587541075846e-02 3.502750646579318866e-02
6.554694914444466614e-01 4.800890908449322036e-02 3.146837522241544699e-02
6.225972135158545084e-01 5.688295570446380567e-02 3.541516971814494957e-02
6.366784880607081476e-01 6.061128645341894855e-02 3.858990221857725583e-02
