2.411554061866851839e-01 4.909429383447079243e-01 1.183935437110027744e-01
3.231179259809962567e-01 3.431066748103780428e-01 1.108639171549654912e-01
3.755306532120236129e-01 3.218587930097571714e-01 1.208678427809876110e-01
3.693884053149790181e-01 3.037212593047322606e-01 1.121911116348322801e-01
3.253707880882776848e-01 3.521472387000149640e-01 1.145784245789347039e-01
3.600428666775220554e-01 3.020168894331751175e-01 1.087390266565485819e-01
3.356591368354249760e-01 3.396026305398249789e-01 1.139907258340373819e-01
3.693947293542320653e-01 3.037277608931704398e-01 1.121954340324996108e-01
3.902728504254885933e-01 2.686317564743464503e-01 1.048396813140488881e-01
2.757744355698303340e-01 4.459563417319531986e-01 1.229833584299157706e-01
