4.136871057374438276e-01 2.399920256695693699e-01 9.928160649931047632e-02
3.234746919708291202e-01 3.263478931685480644e-01 1.055652842180251350e-01
3.296027192220954416e-01 3.199789076327977932e-01 1.054659180494858656e-01
3.513081205366884729e-01 3.032950135692046301e-01 1.065500011851467088e-01
2.329263514714463856e-01 6.171009587900648796e-01 1.437390748205012170e-01
2.182847093781879466e-01 6.390930777274373975e-01 1.395042467373453499e-01
3.512634507179914212e-01 3.032791141445284611e-01 1.065308681651026684e-01
3.097506839994981775e-01 3.382108564621717495e-01 1.047610441252137953e-01
2.182847093781879466e-01 6.390930777274373975e-01 1.395042467373453499e-01
3.289399530832958218e-01 3.318185848097462420e-01 1.091483897194835406e-01
