5.738106613863580563e-01 7.481388831800811490e-02 4.292900673664136468e-02
5.664224622021430955e-01 7.769918825647631477e-02 4.401056552334115662e-02
5.581621938258459759e-01 7.690954781003646323e-02 4.292800193180373869e-02
5.391187612442019939e-01 8.163773658896883445e-02 4.401243542062534264e-02
5.635939610028489755e-01 7.719701391425888570e-02 4.350777084952921203e-02
7.726823118222573943e-03 9.834242833357617064e-01 7.598745487500229920e-03
5.498516836244000672e-01 7.835250238128019240e-02 4.308225535053172850e-02
5.599017448680013720e-01 7.815959711165147705e-02 4.376169480099366405e-02
5.568327510120341106e-01 7.860760948197556552e-02 4.377129143832811375e-02
5.774433107216978556e-01 7.570309277457894226e-02 4.371424452362470542e-02
