3.639488413396062549e-01 2.857638848469273851e-01 1.040034347867438841e-01
3.682350809370323885e-01 2.956560009110244525e-01 1.088709114249904047e-01
3.613503481782839311e-01 2.918212047066367498e-01 1.054496939265494593e-01
3.346804564733423248e-01 3.456347067330318712e-01 1.156771814224409056e-01
3.577344247018921508e-01 2.935027854503173828e-01 1.049960501014721714e-01
3.112968483563521294e-01 3.644491504353896127e-01 1.134518719166868472e-01
3.367252412647560589e-01 3.429194842197734738e-01 1.154696460582889245e-01
3.105465947203732702e-01 3.666051791829634809e-01 1.138479900021215768e-01
3.636965642571512447e-01 2.857684519330110362e-01 1.039330041411209854e-01
3.651680873992246834e-01 2.983642220076452856e-01 1.089530922988894840e-01
