4.061545567353131991e-01 2.485137113294369482e-01 1.009349762676550466e-01
4.170688919048636811e-01 2.235738937893416156e-01 9.324571614157639576e-02
4.008169534251947996e-01 2.326705819567471689e-01 9.325831381157050071e-02
2.987443723842038157e-01 3.532215582748273186e-01 1.055229527393837657e-01
4.092105986333388623e-01 2.282032514237864462e-01 9.338318912520199300e-02
4.140720818628708111e-01 2.232042891932369266e-01 9.242266470696589020e-02
2.969273760216101232e-01 3.421426599781292044e-01 1.015915222523598727e-01
1.049980880356107260e-01 7.851223188848337475e-01 8.243634235699261181e-02
4.090476397552179066e-01 2.251868255582133438e-01 9.211213949855714955e-02
3.942370620652980162e-01 2.442100059595826711e-01 9.627663527645478891e-02
