5.548927558574140440e-01 6.747614862349922416e-02 3.744202606433794100e-02
2.072758396735470930e-03 9.897273087810175562e-01 2.051465589754254259e-03
5.582531774328561847e-01 7.171267037368712904e-02 4.003382609830589273e-02
5.514419608569816056e-01 7.929909869363779840e-02 4.372885047781093631e-02
5.978795412062729575e-01 5.518026619203814792e-02 3.299115223453578244e-02
5.756103785602167955e-01 6.231867779305564486e-02 3.587127771583293462e-02
5.842458616693453344e-01 5.735739956915832105e-02 3.351082333439583949e-02
5.544881900146385600e-01 6.750904925410036728e-02 3.743297053051519718e-02
5.542741007620413107e-01 6.970401198394193809e-02 3.863512856190597089e-02
5.839582962121582232e-01 5.733542277430620643e-02 3.348149579588762664e-02
