7.110910697886619891e-01 3.270638476593756838e-02 2.325721813213014327e-02
6.856812496267404855e-01 3.551182376524532336e-02 2.434979169587799322e-02
7.087691338528943064e-01 3.325659005808370011e-02 2.357124453036876094e-02
4.880240412076809406e-03 9.868057552853399805e-01 4.815849325813494758e-03
7.066037017475194082e-01 3.341709597909553464e-02 2.361264372048105242e-02
7.177368133641766068e-01 3.300199151913454920e-02 2.368674422761521403e-02
7.074169736757438542e-01 3.205681038910286607e-02 2.267753179115629403e-02
7.175334356840700201e-01 3.282370334768217740e-02 2.355210463493710368e-02
7.081554409654426951e-01 3.228656132794359424e-02 2.286390407444770581e-02
7.175232297667833992e-01 3.283860961220545077e-02 2.356246523000019369e-02
