6.242702607323363795e-01 7.698176450499590040e-02 4.805742619916911207e-02
3.433791394461738200e-01 3.885702571520061044e-01 1.334269205152343318e-01
3.764051274024520777e-01 3.145928204153395913e-01 1.184143506483326252e-01
6.539781323259228341e-01 4.029209588678869802e-02 2.635014961553907090e-02
4.236276904384622122e-01 2.595332910924121883e-01 1.099454886973716961e-01
5.554785192541122907e-01 7.670631417881099146e-02 4.260870981748664937e-02
4.309305077753194380e-01 2.267986248485130418e-01 9.773444656871391190e-02
3.936311684576676018e-01 3.238780547184255676e-01 1.274884971166102554e-01
6.161597334278409166e-01 5.711579758684501296e-02 3.519245461562894167e-02
6.242702607323363795e-01 7.698176450499590040e-02 4.805742619916911207e-02
