3.516687801604074792e-01 2.700660985247856916e-01 9.497381543089181144e-02
4.375078520739618670e-01 1.809812989826086183e-01 7.918073938343660190e-02
2.594242888643187861e-01 4.175001273272000990e-01 1.083096736326214365e-01
2.530176080782551851e-01 4.402619417259817647e-01 1.113940234233960769e-01
3.908474359074722848e-01 2.395956210623557681e-01 9.364533414688011592e-02
1.100966842982240845e-01 7.804232633732886004e-01 8.592201364659873830e-02
3.710591129767522034e-01 2.617954191365891026e-01 9.714157600619981181e-02
2.703194369218726023e-01 3.807655860875442944e-01 1.029283388304117752e-01
2.594083557880322854e-01 4.186161170028415701e-01 1.085925186180776714e-01
2.597370385039095564e-01 4.169045612634763032e-01 1.082855560813470591e-01
