3.397911728338868231e-01 3.106308269803835787e-01 1.055496130180247072e-01
3.209151159229855499e-01 3.666370904092449146e-01 1.176593843703489656e-01
3.271696467381027262e-01 3.008541586473459373e-01 9.843034880434128886e-02
3.337948971394678055e-01 3.190837107739827316e-01 1.065085144166812575e-01
2.941513903581370326e-01 4.178492063876981799e-01 1.229109250189855673e-01
3.271526034588002063e-01 3.059865933368309254e-01 1.001043106336334115e-01
3.393058420571855582e-01 3.107022257233910678e-01 1.054230803281169387e-01
2.349864993375357369e-01 4.441259776161122774e-01 1.043636087448709809e-01
3.302114399969160452e-01 2.971244813980773447e-01 9.811390286079602063e-02
2.377509362464159948e-01 4.320997374506666544e-01 1.027321171307265385e-01
