5.690999473553890464e-01 6.097786372976386066e-02 3.470249903845269712e-02
4.950079876710480886e-01 9.214658717388446441e-02 4.561329668769936035e-02
5.694157860182110786e-01 6.103750546544025463e-02 3.475571915119451960e-02
0.000000000000000000e+00 9.916666666666669183e-01 0.000000000000000000e+00
5.694914119311240697e-01 6.092116781187410790e-02 3.469408187367713226e-02
5.127531205731638009e-01 8.449423852444429284e-02 4.332468447386204902e-02
5.126063124092864465e-01 1.004378294361811252e-01 5.148506537367368574e-02
5.870169401699315559e-01 5.329470581309658089e-02 3.128489513366061736e-02
5.674690417856314006e-01 6.119517870129442816e-02 3.472636941952402662e-02
4.770983963912391870e-04 9.912457801817757819e-01 4.729217721543080028e-04
