5.547710643493537486e-01 9.141607782277280658e-02 5.071499479238301966e-02
2.807920526417026497e-01 5.172522563234358550e-01 1.452403227866096713e-01
5.540589181161931220e-01 8.860760186074322087e-02 4.909383202383377220e-02
5.451979607219158419e-01 1.062211395370967204e-01 5.791154866118319866e-02
5.489007904702213336e-01 8.814513257381273448e-02 4.838293294586826221e-02
5.552071013049031389e-01 8.727332884361246879e-02 4.845477192849167308e-02
5.557368769005492926e-01 9.408263111275620705e-02 5.228518758518958809e-02
5.607782455764496188e-01 9.925614552103695365e-02 5.566068714796788136e-02
5.649657533949258292e-01 8.721661256437880649e-02 4.927439922598762789e-02
4.693410865528854781e-01 2.604246955192082158e-01 1.222280095601895461e-01
