6.504926684810062865e-01 4.136950573247605289e-02 2.691056017765863437e-02
1.771257558253366751e-03 9.899408570025232112e-01 1.753440225189534544e-03
6.979676699806942608e-01 3.523534013994349123e-02 2.459312825845358721e-02
6.704094124973709601e-01 4.207015158543070399e-02 2.820422560806393891e-02
6.614689994844953347e-01 4.167622078829391619e-02 2.756752806712770357e-02
6.312822834912170666e-01 4.623722582459948577e-02 2.918874150085223537e-02
6.148486347594701584e-01 5.836169230965314314e-02 3.588360683884250085e-02
6.237239016802021974e-01 5.149791572673963896e-02 3.212048092548029643e-02
3.605626528267627789e-03 9.880599464812721555e-01 3.562575154551567407e-03
5.985171246234995968e-01 6.419117570373718273e-02 3.841951790840262421e-02
