5.240195801897118422e-01 8.945555785144718164e-02 4.687646387095183165e-02
5.958485358041132329e-01 9.871437928819570828e-02 5.881881836168329630e-02
1.631497028471081967e-01 7.324051549071726175e-01 1.194916833867954581e-01
2.555897070292813544e-01 4.986102902576310947e-01 1.274396580087328590e-01
5.834987869473471367e-01 7.768031955752473239e-02 4.532637223149797029e-02
6.518251602254140353e-01 4.343926205114958389e-02 2.831480394656432642e-02
2.755869804193485373e-01 4.941456576013956714e-01 1.361801096657019317e-01
1.166981986553004419e-01 8.165141571797995823e-01 9.528573131943346430e-02
2.816293209110719564e-01 4.923045775201688734e-01 1.386474038484173388e-01
6.663995266522461103e-01 4.301093942226223710e-02 2.866246967186398750e-02
