3.444987105506751579e-01 3.131202602675677849e-01 1.078695259094689107e-01
3.320808179969682028e-01 3.536112910358635841e-01 1.174275267801535710e-01
3.917399628646111021e-01 2.655248313791463977e-01 1.040166875840989325e-01
3.577772345036184243e-01 3.009064874044266036e-01 1.076574909077536446e-01
3.204016577591727866e-01 3.478354668114175263e-01 1.114470601938138961e-01
3.219926046622700322e-01 3.394265483133838690e-01 1.092928383829503136e-01
3.485631784242128606e-01 3.017154135139762383e-01 1.051668835140072700e-01
3.811365356492041889e-01 3.072228769578796981e-01 1.170938629959079880e-01
3.982779432944742459e-01 2.558179891342209911e-01 1.018866625701057016e-01
3.639160263927939676e-01 3.132782059381949424e-01 1.140069598604912943e-01
