2.096453682409500641e-01 5.160473849788349554e-01 1.081869440536671750e-01
3.550190386365627004e-01 2.947690451902769126e-01 1.046486230432696202e-01
2.860227129573920668e-01 4.210041876600027488e-01 1.204167599209369915e-01
3.492079690552279403e-01 3.075217804179166681e-01 1.073890563799884401e-01
4.297121690637352165e-01 2.343369143390261755e-01 1.006974237523256543e-01
2.096453682409500641e-01 5.160473849788349554e-01 1.081869440536671750e-01
3.012542832374764945e-01 3.544297023425803661e-01 1.067734659372861911e-01
3.496902749520028331e-01 3.013250778585329082e-01 1.053704493262840325e-01
4.065926861954611837e-01 2.426468059088836005e-01 9.865841661124168105e-02
3.690443654267180906e-01 2.857053533531960787e-01 1.054379508272465099e-01
