2.586527038349473728e-01 5.076380334084892310e-01 1.313019499105610721e-01
1.699309205535356748e-01 6.692536535973242495e-01 1.137268894396103874e-01
8.865724833754515255e-02 8.547101744402504364e-01 7.577625219197582640e-02
6.278834924418983388e-01 6.167166279595413109e-02 3.872261902102276665e-02
2.768965633425880465e-02 9.602927082627988886e-01 2.659017507209155209e-02
6.558419929123602277e-01 4.012457632464725560e-02 2.631538210152076229e-02
8.855977127663974824e-02 8.552726115709712307e-01 7.574274685989956790e-02
8.641077466326810286e-02 8.578095527985060142e-01 7.412398797087048352e-02
6.242452330202591382e-01 6.354367466120751373e-02 3.966683599584901881e-02
2.774620536139646779e-02 9.610760225989862793e-01 2.666621269094558710e-02
