1.105023802104378866e-02 9.790995244626284899e-01 1.081928279160282967e-02
1.112906283553719185e-02 9.792513330559960982e-01 1.089814961736373933e-02
5.863389672901406779e-01 7.767879017356629778e-02 4.554610161071639268e-02
5.827535957787468579e-01 8.437957372592234939e-02 4.917249999905912161e-02
6.855821459892936891e-03 9.847400358058591152e-01 6.751201869893547897e-03
1.113301409931543792e-02 9.790978703136100636e-01 1.090031039481113850e-02
9.027220972523822620e-03 9.820720178113792054e-01 8.865381115715671723e-03
6.242852206944294879e-01 5.300919726753736128e-02 3.309285841499910730e-02
5.816668246467112668e-01 8.314631235366802542e-02 4.836345148784169934e-02
7.623148474426910681e-03 9.837977802887264422e-01 7.499636547952585712e-03
