3.064321354399909825e-01 3.360479672310350274e-01 1.029758962088741792e-01
3.122994318471544184e-01 3.166494141612986035e-01 9.888943213730784498e-02
3.098756858613028187e-01 3.214289486336124879e-01 9.960301591351813921e-02
3.192220239421451056e-01 3.202129524338042654e-01 1.022190267684088411e-01
3.239966999329050301e-01 3.197609786988618863e-01 1.036015018657471948e-01
3.228215136320999878e-01 3.236663224583167242e-01 1.044864521277291680e-01
3.087027156831180230e-01 3.252690614157560112e-01 1.004114425867427829e-01
3.062760853202841083e-01 3.360880525667779284e-01 1.029357330630706058e-01
3.098594981261479364e-01 3.214317931471177836e-01 9.959869410635371900e-02
3.089266123708622747e-01 3.250914379426215195e-01 1.004293966343864641e-01
