3.494321144429786141e-01 3.068033528319354941e-01 1.072069442982584303e-01
2.703339494308308333e-01 4.725287966714875054e-01 1.277405758240012512e-01
2.779024911477045445e-01 4.433913753693023430e-01 1.232195677685360841e-01
3.516802287100250779e-01 2.942313600818501351e-01 1.034753520072467931e-01
3.635791061592212325e-01 2.918507749754778446e-01 1.061108438974602414e-01
3.531613450539133336e-01 2.932253264696806916e-01 1.035558506999052913e-01
3.228815418783123059e-01 3.520349633347550911e-01 1.136655917566008617e-01
4.384594993135361718e-01 2.296930867762846384e-01 1.007111158237103815e-01
4.013866027073917375e-01 2.537806284468501206e-01 1.018641442852280254e-01
2.547217916741457144e-01 5.094181536329567273e-01 1.297599048047219650e-01
