2.371026047718237106e-01 5.354008270429955196e-01 1.269449306888829065e-01
3.871042899372242885e-01 2.468415597189468347e-01 9.555342670199985788e-02
3.831044045354102257e-01 2.478982369072756931e-01 9.497090643573991020e-02
3.862075606491608970e-01 2.448189189270001953e-01 9.455091747956143045e-02
3.884196591406796073e-01 2.457640901028913527e-01 9.545960410678433483e-02
2.370131884002935341e-01 5.355038724297599417e-01 1.269214802052814339e-01
3.941351406651843470e-01 2.469941619202703498e-01 9.734907875192506943e-02
2.842707843267323620e-01 5.473739859922099882e-01 1.556024323180553448e-01
4.039656206996873333e-01 2.500275489249740302e-01 1.010025339934985805e-01
3.882238699499258039e-01 2.465777269658600557e-01 9.572735940614236771e-02
