5.932820991734174543e-01 6.005848179356378796e-02 3.563162215165399660e-02
5.930539634072444777e-01 5.992274115642877430e-02 3.553741914104649458e-02
3.544168425266472095e-03 9.883632610520235451e-01 3.502925862513985196e-03
5.844350531574571406e-01 6.340309789038173216e-02 3.705499288591270618e-02
5.904816898282873039e-01 6.193470172587484807e-02 3.657130733410552531e-02
5.904419934045787022e-01 6.193763761074853880e-02 3.657058221766077560e-02
5.955778663866165834e-01 5.981036215592958061e-02 3.562172788063937973e-02
5.849476216426555686e-01 6.302683888844910765e-02 3.686739950745313715e-02
5.975386689802019147e-01 5.891889138997885578e-02 3.520631593895704597e-02
3.544168425266472095e-03 9.883632610520235451e-01 3.502925862513985196e-03
