3.318297456676436719e-01 3.234805299962303926e-01 1.073404619970837054e-01
4.146368578784273562e-01 2.316117431424735140e-01 9.603476542434061236e-02
4.079882243035231615e-01 2.727502097464577502e-01 1.112788737528707939e-01
3.549713454211880226e-01 3.014408039604093981e-01 1.070028477466711120e-01
3.322985087776607060e-01 3.449241248429839590e-01 1.146177723267632481e-01
3.074554556749769518e-01 3.512698294319246406e-01 1.079998254728638252e-01
4.239522312548938965e-01 2.307753491658361966e-01 9.783772419748347493e-02
4.097367323119993632e-01 2.455983067856369606e-01 1.006306476837068309e-01
4.428787080622704209e-01 2.198996130627405288e-01 9.738885653661968900e-02
4.099137796638825382e-01 2.362493348280534367e-01 9.684185778244550069e-02
