3.659950495045157792e-01 2.781185042949330666e-01 1.017899957475459083e-01
3.546302449936751255e-01 2.996562497703137984e-01 1.062671692699322934e-01
3.676651884901570577e-01 3.115478539130323021e-01 1.145453004326389412e-01
3.541708053323713301e-01 3.101537324417429908e-01 1.098473971957329431e-01
3.595784444739247299e-01 2.858166910143222217e-01 1.027735211596143700e-01
3.786816545029784709e-01 2.862947468085633718e-01 1.084145683969780921e-01
3.627997523945518665e-01 2.894614098095231181e-01 1.050165278066728936e-01
3.624495103297217802e-01 2.784575212863111826e-01 1.009267922378515731e-01
3.658104231546038809e-01 2.780922527535880651e-01 1.017290446558071076e-01
3.676651884901570577e-01 3.115478539130323021e-01 1.145453004326389412e-01
