3.001926134563437376e-01 3.834176283474728941e-01 1.150991398988609887e-01
3.321105900787469367e-01 3.414866945224391825e-01 1.134113476218880784e-01
3.184036686492794366e-01 3.653051625413553105e-01 1.163145039296888672e-01
3.119116899968515377e-01 3.533299553619952960e-01 1.102077435034720665e-01
3.354460058435483338e-01 3.454641361054492377e-01 1.158845646187648959e-01
3.376820161887553740e-01 3.186882276036497874e-01 1.076152832328214209e-01
3.765831116619618446e-01 2.839801445981045558e-01 1.069421265029680823e-01
3.526681163413204478e-01 2.999988432927848669e-01 1.058000269686414085e-01
3.409466739770154464e-01 3.137211572467233367e-01 1.069621851194905715e-01
3.684655103160853207e-01 2.912323624598347482e-01 1.073090810543221446e-01
