3.552726798319239543e-01 2.096987165248328511e-01 7.450022497709232749e-02
4.374042915237563167e-01 1.162274873530378949e-01 5.083840176124188731e-02
4.376966514179228551e-01 1.161549562425826798e-01 5.084063539297379447e-02
4.044372358072159113e-01 1.470649848503406132e-01 5.947855595690184488e-02
4.056879712090386003e-01 1.464810528823837776e-01 5.942560116441816809e-02
4.369367362760007700e-01 1.163032150238013096e-01 5.081714719090568017e-02
3.548357457934191439e-01 2.103397376937230778e-01 7.463605769454438599e-02
4.376308616338743795e-01 1.161701597692816890e-01 5.083964711597559194e-02
1.043564438913427948e-02 9.789451247625725605e-01 1.021592319849889789e-02
4.045859335051826822e-01 1.470206066118537602e-01 5.948246937055508970e-02
