3.943313264470464929e-01 3.684909102735825503e-01 1.453075094318614091e-01
4.794580658876230195e-01 2.269902846879454650e-01 1.088323228717632679e-01
4.709647004881642451e-01 2.355973362724646525e-01 1.109580289133706293e-01
5.039394405158642565e-01 1.638417610405287217e-01 8.256632539189796838e-02
3.692518830452649614e-01 4.205658239399678866e-01 1.552947224343165233e-01
3.883464262926650257e-01 3.722201060359757729e-01 1.445503479733480368e-01
4.087790823197886558e-01 3.564289915116221619e-01 1.457007160622886544e-01
5.825749157699319225e-01 1.182656295291128062e-01 6.889858916140086109e-02
5.877250476237160237e-01 1.135692921997894234e-01 6.674751766671295494e-02
6.550458188198210463e-01 4.571001315596832926e-02 2.994215299601606789e-02
