3.381562700449099457e-01 3.253761747338505539e-01 1.100279936094797767e-01
3.944928503640288686e-01 2.605539191809393973e-01 1.027866582512075994e-01
3.229117586583710175e-01 3.308419169100416668e-01 1.068327452273282185e-01
3.229680459076879617e-01 3.278433851634663387e-01 1.058829374700062248e-01
3.249246015902153562e-01 3.335261944047355209e-01 1.083708658368593980e-01
3.844542206188620859e-01 2.756787145196254452e-01 1.059858453318523741e-01
3.236769876692400238e-01 3.323654881024309948e-01 1.075790599942114956e-01
3.247050298497110576e-01 3.335741357503910764e-01 1.083131997059223056e-01
2.856306465308541265e-01 4.378394245670519380e-01 1.250603579157841816e-01
3.859298829377503237e-01 2.880874392631176950e-01 1.111815517106512635e-01
