3.713764396069229590e-01 2.762000264699353558e-01 1.025741824497424654e-01
2.475007712473198951e-01 5.078921307571937493e-01 1.257036940728500918e-01
2.643029103777515543e-01 4.283171437454924568e-01 1.132054676566194157e-01
3.724150180470954252e-01 2.760267976885463215e-01 1.027965248426619405e-01
2.648157150138918947e-01 4.280561118585764491e-01 1.133559853278954116e-01
3.307149825419171685e-01 3.747126232508462551e-01 1.239230786566396098e-01
3.669019053875946512e-01 2.825667785433977341e-01 1.036742894468071219e-01
3.625293353698513243e-01 2.954223083126700233e-01 1.070992530860195718e-01
3.265601792691850691e-01 3.793772794696220751e-01 1.238895123942555104e-01
2.459020278859480602e-01 5.083125208461407585e-01 1.249950796758842603e-01
