4.333308752017266952e-01 1.962526955499375170e-01 8.504235232335244365e-02
4.457907951423137338e-01 2.004595352564772504e-01 8.936301561584367170e-02
2.177693991050133528e-03 9.894211850944445441e-01 2.154656569397873922e-03
7.994208677161372375e-04 9.909177629290576439e-01 7.921603378760808242e-04
3.248073435759552541e-01 3.445241311267852602e-01 1.119039678291051942e-01
3.242663131478387695e-01 3.378779369801467314e-01 1.095624329185499873e-01
6.362758119620634187e-03 9.842697716693373788e-01 6.262670481586223720e-03
3.253949083550575216e-01 3.443774510657059418e-01 1.120586691290736958e-01
3.879482791628847682e-01 2.547531602157257491e-01 9.883105011699748477e-02
3.231175548776354933e-01 3.380880960976437866e-01 1.092421989443057156e-01
