3.987258582612691060e-01 2.433045005581206399e-01 9.701179580386608270e-02
2.408978241039338719e-01 5.262835154423239903e-01 1.267805537318249243e-01
3.936677097926056246e-01 2.480126797900745472e-01 9.763458365248549320e-02
4.010252995880885796e-01 2.451923117530073748e-01 9.832832027744579928e-02
2.404022684616322902e-01 5.268574528840500593e-01 1.266577268292432001e-01
2.547272941147286085e-01 5.401436301469645374e-01 1.375893253406430261e-01
3.933312476282140313e-01 2.439493867384947834e-01 9.595291664398984677e-02
3.952878900294143349e-01 2.437954212812037669e-01 9.636937767707921820e-02
3.977490454387884178e-01 2.452380339488910432e-01 9.754319390845660187e-02
3.979602400082170588e-01 2.493241342995749510e-01 9.922109232569979731e-02
