7.724001001093483421e-01 2.663292250073103287e-02 2.057127200576916448e-02
6.814399998618537735e-01 3.889851222011164733e-02 2.650700216189919717e-02
7.515455551808741808e-01 3.437171263107456631e-02 2.583190785183839960e-02
7.720029716957755861e-01 2.555449734993643640e-02 1.972814789434275060e-02
7.773422314223105145e-01 2.616986551345385631e-02 2.034294165424999079e-02
6.813269982836248628e-01 3.575648153578933619e-02 2.436185623396320415e-02
7.748161030523645909e-01 2.598521564299161035e-02 2.013376352147810272e-02
7.708282987891914573e-01 2.609600293717515701e-02 2.011553754926046975e-02
7.557874871511109927e-01 3.107792267021023194e-02 2.348830508079473647e-02
7.813748013753779587e-01 2.578161721622375044e-02 2.014510603146285952e-02
