6.477585892494032160e-01 4.465309098744328631e-02 2.892442322365150476e-02
6.406069723790928094e-01 4.593368834629850406e-02 2.942544102172710285e-02
6.505676910170880012e-01 4.330177905913579900e-02 2.817073841943407153e-02
6.511453711123800225e-01 4.313586611681684974e-02 2.808771955088864777e-02
6.509751936889301982e-01 4.320737604047082681e-02 2.812692998673593792e-02
6.499165881779159770e-01 4.311858932748541262e-02 2.802348646276401831e-02
6.504062643015953160e-01 4.229202871625187959e-02 2.750700040707317745e-02
6.529216422182636537e-01 4.281000860094619914e-02 2.795158111910778231e-02
6.568302567044517204e-01 4.134718647167724692e-02 2.715808310419860067e-02
6.473553077318067173e-01 4.316712135261091543e-02 2.794446512711568423e-02
