3.112596922612003159e-01 3.558463252315887670e-01 1.107606176838633188e-01
3.255973712787816887e-01 3.309199744602553395e-01 1.077466737879007180e-01
2.193626853006412853e-04 9.914822725556822203e-01 2.174942137357967632e-04
3.122215453079920100e-01 3.627618232292208478e-01 1.132620570273719651e-01
4.175653243465148740e-04 9.912979011149432029e-01 4.139316296030806945e-04
3.242580827617204675e-01 3.561984489337792770e-01 1.155002261339658637e-01
3.123756486361645712e-01 3.309448116036099452e-01 1.033791001874509452e-01
3.112616979806179796e-01 3.303562107901196754e-01 1.028272351089755954e-01
3.112745140100562358e-01 3.558445097227454501e-01 1.107653268270943209e-01
3.106399234605990989e-01 3.514995002043639349e-01 1.091897778399224528e-01
