3.976750712729348880e-03 9.874476670676475276e-01 3.926833213794200458e-03
5.035216207445986081e-01 9.058899669426810630e-02 4.561351843712495996e-02
5.188342715455787069e-01 8.322722916125213644e-02 4.318113881463520043e-02
5.186996838230112372e-01 8.321124914717772936e-02 4.316164862315890333e-02
5.176360779563810022e-01 8.362890474743175928e-02 4.328933825724834428e-02
5.173586210462522983e-01 8.363260795122456903e-02 4.326805072414737635e-02
2.291989331771090554e-03 9.893375318662764872e-01 2.267551068558247215e-03
5.183757842051804898e-01 8.340477072532442859e-02 4.323501343119333373e-02
5.182449933349302373e-01 8.346505124322396718e-02 4.325534492524421570e-02
2.355263984235490653e-03 9.893375000335792313e-01 2.330150982082667809e-03
