3.705223868266633858e-01 3.177081674321748928e-01 1.177179885112946411e-01
3.026371117961648149e-01 4.216225540084264645e-01 1.275986320132327101e-01
3.853870705562847943e-01 2.754028559971668511e-01 1.061366998955824842e-01
3.805692012694448789e-01 2.733261323190398495e-01 1.040195078627235981e-01
3.791607745634848481e-01 2.698707718005354250e-01 1.023244108679364772e-01
3.229374410485668645e-01 3.333168282150545947e-01 1.076404835621944805e-01
3.805764045144946484e-01 2.733255535866361829e-01 1.040212564459358363e-01
4.377806773140968111e-01 2.524417092446121225e-01 1.105141024554345958e-01
3.809329418192028971e-01 2.887420118437130090e-01 1.099913439984207264e-01
3.804530192971489755e-01 2.728755897443868039e-01 1.038163420107420937e-01
