2.916395079090879361e-01 4.780128004889658833e-01 1.394074179088470311e-01
2.932380614594352619e-01 4.790029167665550425e-01 1.404618867460398213e-01
2.791118379904268809e-01 5.142443870767337000e-01 1.435316960532476704e-01
3.710963097266273270e-01 2.895067839552191158e-01 1.074348991666057712e-01
3.645413062238673230e-01 2.942614464586709722e-01 1.072704520633685071e-01
2.830920985304025139e-01 5.158648725789612977e-01 1.460372693364968555e-01
3.678767327950025479e-01 2.917080798217071003e-01 1.073126153347134237e-01
2.795563547379381064e-01 5.143864782587606044e-01 1.438000087885047684e-01
3.659734211989139618e-01 2.929322959016564254e-01 1.072054345107818080e-01
3.653701523977070376e-01 2.931065546156877977e-01 1.070923865287006921e-01
