3.874886520790753464e-01 2.609658311786243745e-01 1.011212981621006923e-01
1.371673439073401168e-01 7.682781345855625998e-01 1.053826711031875946e-01
3.879962551422960204e-01 2.663483288179241404e-01 1.033421541447634567e-01
3.848332723966501057e-01 2.669488359328462956e-01 1.027307940945137027e-01
1.676475070490474895e-01 7.151610786074358295e-01 1.198949719670445030e-01
2.713178769193995143e-01 5.177695153773562708e-01 1.404801256457706704e-01
3.679935594153384004e-01 2.815625571056633025e-01 1.036132075873975183e-01
3.986612531797167902e-01 2.494491522353303181e-01 9.944571163475474096e-02
3.735956628248348066e-01 2.804011780070362891e-01 1.047566639544032091e-01
3.880626720468251523e-01 2.630590806937691539e-01 1.020834097602054541e-01
