5.346612223672053688e-01 1.542920526551609106e-01 8.249397747415354587e-02
3.675082430235276365e-01 3.003657112667655893e-01 1.103868748121612231e-01
4.296607050550608209e-01 2.316326930338521994e-01 9.952346620272740918e-02
4.291684693682458196e-01 2.353458644506010722e-01 1.010030244184111220e-01
2.964989975764530938e-01 3.957415335828169956e-01 1.173369680066734810e-01
3.029164790271405838e-01 3.739103999542648937e-01 1.132636218257758315e-01
3.019059995078692271e-01 3.731998550357545352e-01 1.126712752507613713e-01
2.948276266575526328e-01 4.311745230497668890e-01 1.271221613059649869e-01
4.251483322572670032e-01 2.309741821943286921e-01 9.819828835440497228e-02
4.307637056004998688e-01 2.327402791782808289e-01 1.002560651013311155e-01
