5.916509391633627546e-01 8.695634750124747736e-02 5.144780466532879876e-02
5.804042871514651925e-01 8.959351944206428442e-02 5.200046278516225889e-02
5.595280844792918096e-01 9.384549997724858650e-02 5.250919283927132225e-02
5.472878232283264754e-01 9.666152738951930279e-02 5.290167691493527502e-02
5.555411984507174772e-01 9.511195224980620311e-02 5.283860793984475335e-02
5.741309124577130829e-01 8.995296324400076093e-02 5.164477686555328517e-02
8.909695163073716451e-03 9.814282076304833291e-01 8.744226154429424885e-03
1.651312244066566182e-01 7.231375484748820970e-01 1.194125887940852837e-01
8.711973152063888851e-03 9.818126628340100304e-01 8.553525558966251080e-03
5.491782663711074486e-01 9.596092168320370652e-02 5.269965260935542684e-02
