4.307298174897397636e-01 2.656318260057193847e-01 1.144155479349098226e-01
3.062251391988871640e-01 3.932421051389867195e-01 1.204206183850496242e-01
3.040938117112277350e-01 4.025532466966862954e-01 1.224139512047255351e-01
3.131721229517488436e-01 3.676624218611714845e-01 1.151416211838445502e-01
3.686840397978216610e-01 3.266178128920844137e-01 1.204187747269827163e-01
3.070667324456598513e-01 3.917470312510009656e-01 1.202924808315326555e-01
3.231393855648128643e-01 3.314056119674971823e-01 1.070902058239078386e-01
3.125182088125987856e-01 3.625467428028792405e-01 1.133024586715977583e-01
3.107314223274634801e-01 3.714332384399780529e-01 1.154159784801502692e-01
2.982681337476005834e-01 4.142158299579851155e-01 1.235473825702816802e-01
