2.015372509849475136e-02 9.643752493692787642e-01 1.943575366758076850e-02
4.258331766457209011e-01 2.116296579678581535e-01 9.011892952490044295e-02
3.165145741931142953e-01 3.580736890300102448e-01 1.133355412130913203e-01
3.085998496289908966e-01 3.678446188874820999e-01 1.135167940755104354e-01
4.292909191233044153e-01 2.337536087873365309e-01 1.003483015647050336e-01
3.085411205786390831e-01 3.688814535696233188e-01 1.138150970450488020e-01
4.310360290964372343e-01 2.155322538815167832e-01 9.290216685529416318e-02
1.670989818824346329e-02 9.702254034835611218e-01 1.621236771185774125e-02
4.316128731925546469e-01 2.199348334501866342e-01 9.492670538056102725e-02
3.179245965086926473e-01 3.570347335881185469e-01 1.135101236155911658e-01
