2.987324446982128068e-01 4.084288995396185284e-01 1.220109636448710039e-01
3.244297345957978251e-01 3.390009914496561194e-01 1.099820016837242675e-01
3.272642355003940184e-01 3.371992917725468164e-01 1.103532684332168418e-01
3.055007596234747269e-01 4.027261943398885990e-01 1.230331582911070726e-01
4.188227319700008056e-01 2.196512233197925323e-01 9.199492543134825395e-02
3.182341234032663446e-01 3.432892298719194546e-01 1.092463471420726806e-01
3.215366054834590259e-01 3.398653474057584112e-01 1.092791501263040838e-01
3.225937170803201970e-01 3.360350712007826868e-01 1.084028026880105439e-01
2.930535430404513364e-01 4.280846515354072013e-01 1.254517238536880797e-01
3.199980701110745063e-01 3.357585633531784963e-01 1.074420922962840697e-01
