6.716985713643279787e-01 4.048498925504868950e-02 2.719370944431637530e-02
6.820101626065268041e-01 3.988824169056146007e-02 2.720418620146826394e-02
6.500971213189432607e-01 4.299403354832484481e-02 2.795029744365605182e-02
6.912573562398404148e-01 3.685524683268670554e-02 2.547646048912976385e-02
6.749423611927156674e-01 3.844238855868178928e-02 2.594639650368452469e-02
5.359978763645027039e-02 9.139884874293174866e-01 4.898958882837181616e-02
6.639460268724983738e-01 4.198482043056784435e-02 2.787565471383081708e-02
6.825515121140470765e-01 3.969808356230709878e-02 2.709598696348250804e-02
6.708269132457490569e-01 4.127426136794105915e-02 2.768788534995416870e-02
6.715967081005077555e-01 3.957314988945882794e-02 2.657719719492852156e-02
