4.683869182225588457e-01 1.681289882750293119e-01 7.874941868201770778e-02
4.405417813804997640e-01 1.854645988299824522e-01 8.170490475158022348e-02
3.029098655205149648e-01 3.310308636107502922e-01 1.002725143794723078e-01
3.083976316594848610e-01 3.255375619785536023e-01 1.003950131303886911e-01
3.252188433231810172e-01 3.148813309096752944e-01 1.024053422225084109e-01
4.287045583848725361e-01 1.917354846913953415e-01 8.219787629133412654e-02
3.012814018599532240e-01 3.369656710569141622e-01 1.015214897547069700e-01
2.940922287279841840e-01 3.317982233224729960e-01 9.757927898489150709e-02
2.922654830069944532e-01 3.719790130188996846e-01 1.087166259084337977e-01
2.958841840649921728e-01 3.377702987763585574e-01 9.994088925483148034e-02
