7.809801762876306119e-01 3.545895546545373839e-02 2.769274129038530249e-02
8.127382883025912053e-01 2.250153321184709260e-02 1.828785758678051418e-02
7.850458163185307647e-01 2.403546664341493777e-02 1.886894253167649763e-02
6.286380626523470072e-01 1.181061596871706282e-01 7.424602741305166842e-02
4.866848882436473900e-02 9.261402355180040624e-01 4.507384570210250935e-02
7.810499024386051703e-01 3.542049297724962631e-02 2.766517258420812114e-02
8.101862562387750211e-02 8.744188806899080291e-01 7.084421593306566844e-02
7.107729663245128116e-01 7.087899184016131782e-02 5.037887128032239592e-02
6.520240116905642314e-01 9.196405407815477773e-02 5.996277147136647168e-02
7.969636616626598613e-01 3.042827690358670609e-02 2.425023097916780349e-02
