2.955694284335949051e-01 3.963951227651770770e-01 1.171622798695680784e-01
4.096510793268769435e-01 2.469011633471778211e-01 1.011433280522329448e-01
2.745356200798258484e-01 3.991506179178384572e-01 1.095810623953194229e-01
4.310582365059341114e-01 2.223715406894365976e-01 9.585508417869610664e-02
2.831328124180091388e-01 3.778442516916963867e-01 1.069801056374481002e-01
2.868663742692552088e-01 3.881766284350100515e-01 1.113548219752152069e-01
2.956997539224313076e-01 3.633996084045957864e-01 1.074571747807468725e-01
3.940267061518709646e-01 2.351531063207964456e-01 9.265660392496413711e-02
2.926439394885270162e-01 3.803770988735413194e-01 1.113150527055700861e-01
2.842833544691198422e-01 3.929029539748588595e-01 1.116957697367990804e-01
