5.595968850240121695e-01 8.369814889621919607e-02 4.683722340460022560e-02
5.565268170011947735e-01 8.148906099195840635e-02 4.535084773427083826e-02
5.810183476908813427e-01 7.697705210580838009e-02 4.472507962463165981e-02
5.563649423216526779e-01 8.142459566002477334e-02 4.530179046795357323e-02
5.582018054358868220e-01 8.053736161569674534e-02 4.495610065892481633e-02
5.665432311646219077e-01 8.011867721238372098e-02 4.539069426453923306e-02
5.493695317465211447e-01 8.500849578897395897e-02 4.670107752606474094e-02
5.671624033418952715e-01 7.977480043122915643e-02 4.524526753869598933e-02
5.525390958450208112e-01 8.235996385998160807e-02 4.550709996502282778e-02
5.595527544136911224e-01 8.074163238421296074e-02 4.517920279644404430e-02
