4.667588465435292822e-01 1.393947733882754114e-01 6.506374364090808382e-02
4.381893723964730980e-01 1.554838570766166606e-01 6.813137375018557540e-02
2.283465637812392146e-01 5.450082012835243406e-01 1.244507499956867547e-01
4.568779017154916411e-01 1.449443344900669395e-01 6.622186340737014343e-02
4.639857800056609860e-01 1.388692365175381860e-01 6.443335102438058071e-02
4.740740856482595911e-01 1.322997221542849822e-01 6.271986981181144893e-02
4.475679458194727900e-01 1.470790550813508568e-01 6.582787055582929592e-02
1.989901395592308941e-01 6.270397223845498580e-01 1.247747218664829738e-01
4.712927765953541792e-01 1.479666785288572539e-01 6.973562676745731492e-02
1.860006041761239071e-01 6.150649197438958771e-01 1.144024466799037909e-01
