6.021312686698546690e-01 9.197374613541556276e-02 5.538026844483691369e-02
6.059811805884376401e-01 8.997970615285685869e-02 5.452600856350890701e-02
9.142821778795680483e-04 9.907723498635022663e-01 9.058455018160602341e-04
5.967317962334000025e-01 9.424836602584246714e-02 5.624099675066392828e-02
7.017318223203720950e-02 8.848980241833830362e-01 6.209611030779020602e-02
5.940502330844429357e-01 9.325668564996857091e-02 5.539915584704645235e-02
5.807953357437836139e-01 9.910350199416242956e-02 5.755885171408429979e-02
6.454129792681203570e-01 7.872597274018999780e-02 5.081076461202685413e-02
3.781041734968798237e-04 9.913312275251130457e-01 3.748264744450301709e-04
6.382794546797631030e-01 8.036265239663828441e-02 5.129382994834564419e-02
