3.253943657525487643e-01 3.225993380422231827e-01 1.049720069944412859e-01
2.230067978421949870e-01 5.069981085528696418e-01 1.130640247004250226e-01
2.519904332679568371e-01 4.070509784397562392e-01 1.025729524191799358e-01
2.515454413630279773e-01 4.020364912853241490e-01 1.011304466444100103e-01
2.469020970384774027e-01 4.060053035641455477e-01 1.002435608587311372e-01
2.229964316964998250e-01 5.069493195688040688e-01 1.130478893148118835e-01
3.909125126953670870e-01 2.699731431552379046e-01 1.055358797510801000e-01
3.108762688183484557e-01 3.882555194752859151e-01 1.206994272426065024e-01
2.467142486103452159e-01 4.206048650056137261e-01 1.037692132317156735e-01
3.357120396969949239e-01 3.233666594370310232e-01 1.085580808096092004e-01
