4.101616546617965486e-01 1.453945114173419151e-01 5.963525338168042950e-02
4.418985974928208438e-01 1.152971054093260839e-01 5.094962917536312308e-02
4.435825642648544287e-01 1.150848560682305316e-01 5.104963556279739495e-02
4.419553317558095884e-01 1.153185877708682444e-01 5.096566471588551833e-02
4.424977963825845184e-01 1.151653761548218635e-01 5.096042516808011597e-02
4.426044891510102497e-01 1.152109109228655198e-01 5.099286637363743824e-02
4.433158084511262254e-01 1.150827512535709946e-01 5.101800291075668514e-02
4.074508916950039805e-01 1.465924611121657839e-01 5.972922899591714269e-02
4.110776339533304125e-01 1.451764495170759783e-01 5.967879137322470995e-02
4.427062870128365413e-01 1.151520353235268579e-01 5.097853000004957252e-02
