3.464371053233292197e-01 3.090182724642565604e-01 1.070553958045328963e-01
2.953667750818936844e-01 3.914581258908108596e-01 1.156237242239707558e-01
2.909923172679546033e-01 3.975858438698975372e-01 1.156944260206366898e-01
2.781904176889570812e-01 4.015194074517824951e-01 1.116988516692339201e-01
3.464536420813390527e-01 3.101619068758755260e-01 1.074567222720402004e-01
4.043460831228734564e-01 2.451659013712106927e-01 9.913187193473775582e-02
3.643825581009235703e-01 2.912767220945614022e-01 1.061361571120680858e-01
4.038582338912152792e-01 2.452793297159361341e-01 9.905807690909904095e-02
3.640625033163903956e-01 2.917625721337286371e-01 1.062198123850341680e-01
4.007961604925694976e-01 2.707790218797573867e-01 1.085271923113402259e-01
