3.772162147764395179e-01 3.506057517868902407e-01 1.322541745678986191e-01
3.464932813076210261e-01 3.814423523298908214e-01 1.321672122884815503e-01
6.559322639083933204e-01 5.242942704514345909e-02 3.439015277714089353e-02
3.826219171498656535e-01 3.449205815629119432e-01 1.319741741820479597e-01
5.588780245408885294e-01 1.181944850192662988e-01 6.605630029919519475e-02
6.780308732395923244e-01 4.477297840494236236e-02 3.035746164544048109e-02
3.884820825560565405e-01 3.261501601844334353e-01 1.267034934544401248e-01
6.109183161127804684e-01 9.997688568246801410e-02 6.107771065133330707e-02
3.867514266136486412e-01 3.368631223645575101e-01 1.302822931480207003e-01
5.099434307709913572e-01 1.912222363114500501e-01 9.751252322436207431e-02
