5.082183789558417653e-01 1.352541546073374179e-01 6.873864720158381902e-02
4.996226261251998646e-01 1.359396833001844662e-01 6.791854156506614559e-02
5.139410711091888517e-01 1.339842386685963227e-01 6.886000313308759946e-02
5.003207548794409432e-01 1.354100179882455901e-01 6.774844241811771306e-02
5.195485226668001832e-01 1.335722960143454485e-01 6.939728906346570581e-02
4.966645770484146571e-01 1.360361457736570245e-01 6.756433480396985269e-02
4.996317951282580050e-01 1.359384347862170328e-01 6.791916419916324554e-02
4.925418407108682062e-01 1.370889994851706151e-01 6.752206814763719867e-02
4.995594438962895900e-01 1.358464937450304388e-01 6.786339887052818265e-02
4.921865494120958862e-01 1.374983269555906384e-01 6.767482709420832854e-02
