4.062832799745472179e-01 2.307725784113816847e-01 9.375904008515953403e-02
1.253694170173693945e-01 7.722660104783074519e-01 9.681853951599508901e-02
1.244649898330260351e-01 7.740072465716389960e-01 9.633680407522751676e-02
4.085209878999915833e-01 2.348565442993648666e-01 9.594382749195466686e-02
3.237953445471469238e-01 3.488915539889752004e-01 1.129694609334497418e-01
3.357205522561410582e-01 3.240165590049722821e-01 1.087790181292838110e-01
4.037503770878236309e-01 2.641079110442662303e-01 1.066336686759998681e-01
4.208705540578857596e-01 2.315199084908822758e-01 9.743991216198863436e-02
3.260944415581167322e-01 3.393551961952469553e-01 1.106618431931341989e-01
3.376677520809339139e-01 3.281123755900467454e-01 1.107929682954261752e-01
