4.277990275515748397e-01 2.379732990737673248e-01 1.018047459269977445e-01
9.140999396253473089e-03 9.809238947850101864e-01 8.966624730000384222e-03
3.155046065530714428e-01 3.634249884276134490e-01 1.146622579854087165e-01
3.006962392989863675e-01 3.771132096631164554e-01 1.133965239356692772e-01
3.154529285740531597e-01 3.636752891708088797e-01 1.147224350189472997e-01
4.165105475710467187e-01 2.217426203518736427e-01 9.235814022259761225e-02
3.010128446637881372e-01 3.769496096063117974e-01 1.134666742825003183e-01
4.178196617921997036e-01 2.237958457814596402e-01 9.350630459490874569e-02
4.186210658612686264e-01 2.173225588891518345e-01 9.097580123787506190e-02
4.248678959355648432e-01 2.378096154003944973e-01 1.010376709284115104e-01
