6.805102019329379859e-01 3.830994818564642523e-02 2.607031057585464107e-02
6.750455562485635497e-01 3.830257485712917909e-02 2.585598295018301171e-02
6.619676391257025561e-01 4.339054768222791458e-02 2.872313840957563605e-02
6.488368915703157658e-01 4.442688403752563520e-02 2.882580134106301276e-02
6.750455562485635497e-01 3.830257485712917909e-02 2.585598295018301171e-02
6.628663526789273508e-01 4.079750962170808348e-02 2.704329640132508220e-02
6.644214849194004513e-01 4.029988339179105261e-02 2.677610836525249477e-02
6.797423069723860234e-01 3.628660305655931340e-02 2.466553927385686101e-02
6.434694684951701715e-01 4.616799034146953917e-02 2.970769220651555548e-02
6.692672496948283145e-01 3.993576094608043692e-02 2.672769689285338715e-02
