3.943099757780857417e-01 2.455814730285708625e-01 9.683522468144240003e-02
3.931777172925574604e-01 2.502883434100054427e-01 9.840779952688165355e-02
4.015157933895997511e-01 2.432338327291451718e-01 9.766222532743591700e-02
3.941219688443695079e-01 2.475752076495069676e-01 9.757482827587729557e-02
3.979764992537044854e-01 2.434373134674524819e-01 9.688232980150342233e-02
3.963924011829536576e-01 2.439599896748606001e-01 9.670388609978657068e-02
2.536000982514194924e-01 5.227853906896200442e-01 1.325784264432943726e-01
2.690683747269076997e-01 5.598888393961678478e-01 1.506483800440615306e-01
3.941289775265090500e-01 2.465479111456859163e-01 9.717167613114580105e-02
2.184429914171790998e-01 6.143694176605518642e-01 1.342046934290012650e-01
