2.989496777582145159e-01 3.809888054449351857e-01 1.138964806172504535e-01
2.871355759167854571e-01 4.100383295762253799e-01 1.177365919108261522e-01
3.562377160817195021e-01 3.269541758065868109e-01 1.164734088527194789e-01
3.088497903833674063e-01 3.474196290475021764e-01 1.073004796063883048e-01
2.480428885891014512e-01 4.096581896372414322e-01 1.016128006918032706e-01
3.223170818730208276e-01 3.490226798069966385e-01 1.124959716628928658e-01
3.894202407546272782e-01 2.840617122302789843e-01 1.106193803658868935e-01
3.034461099361324132e-01 3.537494078667691166e-01 1.073438817093813613e-01
2.234114398630150655e-01 4.857365554708121258e-01 1.085191032518354193e-01
3.107414193748379017e-01 3.458572953693254126e-01 1.074721868642067313e-01
