5.371977405917992554e-01 9.773817593300282436e-02 5.250472728077288515e-02
4.376032346360547165e-01 2.036036864822469428e-01 8.909763178845643561e-02
5.463861490543471255e-01 8.470090877103589322e-02 4.627940336480987349e-02
4.250575098723888834e-01 2.132614254618135918e-01 9.064837045863455289e-02
2.243864979075990140e-01 5.431154626195170421e-01 1.218677766166589294e-01
5.396964784264273174e-01 7.518633603994201442e-02 4.057780078654268235e-02
2.121381708449649184e-01 5.544805984914594754e-01 1.176264999329996314e-01
5.130128548503678360e-02 9.254270569772020671e-01 4.747559764556484596e-02
5.130128548503678360e-02 9.254270569772020671e-01 4.747559764556484596e-02
5.871478145433142171e-01 5.345256081888095923e-02 3.138455426654954139e-02
