3.940932222870379142e-01 2.478105470210622552e-01 9.766045699224394638e-02
6.004865252350791716e-01 8.667603308797680595e-02 5.204778993015993921e-02
6.657258745257553789e-01 3.866814934393188186e-02 2.574238753828156714e-02
6.298839275289974671e-01 7.661566845683898119e-02 4.825897815785325923e-02
2.789044003689090667e-01 4.986675919307579363e-01 1.390805857108558807e-01
2.616413951892466727e-01 5.058000372064537231e-01 1.323382274214694176e-01
2.874780350694935427e-01 4.556930491347347956e-01 1.310017423600797204e-01
3.197709024794253008e-01 3.897533367686679129e-01 1.246317762428843096e-01
2.496175245475062976e-01 5.430972451696941539e-01 1.355665899278291897e-01
3.206346442176957745e-01 3.897866828122792948e-01 1.249791143643110003e-01
