4.524824355461119080e-03 9.870160719934116811e-01 4.466074361787354847e-03
5.490899353593708954e-01 1.002196162725263462e-01 5.502958262082244950e-02
5.527446275890469662e-01 9.816987592785372807e-02 5.426287151020445232e-02
5.745713625071576791e-01 9.303673938207654426e-02 5.345624610998305631e-02
5.748771802378737084e-01 9.414613616686778874e-02 5.412246528989985567e-02
5.541333631136882154e-01 9.793152570789659395e-02 5.426712569537135711e-02
5.872889691676129731e-01 9.069261154492691546e-02 5.326277034533888344e-02
5.465915935245214685e-01 9.957467692506016821e-02 5.442668133515803780e-02
1.700665338362769563e-01 7.161313317878673645e-01 1.217899733687194258e-01
4.553618467358176193e-03 9.866300337883573413e-01 4.492736742308885145e-03
