6.295766217031228962e-01 7.805877498965110850e-02 4.914397985226876681e-02
6.064359762076060312e-01 8.892628262643008374e-02 5.392809701507260411e-02
5.623796977685403542e-01 1.102408368490032931e-01 6.199720850889343937e-02
5.837474454713914573e-01 9.970514132627505965e-02 5.820262154957712986e-02
5.395732125256138545e-01 1.421211447037223907e-01 7.668476261560512597e-02
5.623753081741076354e-01 1.100463585717136317e-01 6.188735481520580423e-02
6.087598767383864962e-01 9.216237903931712161e-02 5.610475850389114866e-02
5.945751222108605072e-01 9.417768837100697066e-02 5.599571057272780678e-02
6.560005121641265813e-01 6.655017151369328754e-02 4.365694659759326163e-02
5.885334534076962498e-01 9.496040858986015687e-02 5.588737720439625883e-02
