3.655407304381122491e-01 2.919428888683829326e-01 1.067170168431613303e-01
3.593993539597529763e-01 2.968129055881105205e-01 1.066743665152840720e-01
3.350416094351772456e-01 3.363961991062686119e-01 1.127067239564405743e-01
3.684232907036535942e-01 2.867348735439502749e-01 1.056398056705581401e-01
3.600932789274096657e-01 2.965465809867939839e-01 1.067844307022472877e-01
3.952217198143875287e-01 2.611437840385580911e-01 1.032096954465559352e-01
3.220871240868536378e-01 3.695703065160470535e-01 1.190338371736505835e-01
3.586891458348783202e-01 2.990737215313064579e-01 1.072744977177225723e-01
3.578353649669592795e-01 3.009123580308035728e-01 1.076770834590209114e-01
3.737929117054503703e-01 2.812960298246761637e-01 1.051464620393489091e-01
