5.072112504692962709e-01 1.694698888123154501e-01 8.595703422138711858e-02
5.062411417387628620e-02 9.151224881335021655e-01 4.632726532235215827e-02
5.927691444507885432e-01 6.655595204665867848e-02 3.945231475280557704e-02
5.102842068460222008e-02 9.143660913677010837e-01 4.665865757004648146e-02
5.642164788537774589e-01 7.327889326233019696e-02 4.134515913077373844e-02
5.207687812622576740e-01 1.631904355224202685e-01 8.498448422066784413e-02
6.016807735757501163e-01 6.377543110187496034e-02 3.837245072050308320e-02
1.164758988443962279e-01 7.991929641375383753e-01 9.308671884803709773e-02
1.209917904488444079e-01 7.921512139226416505e-01 9.584379367872597477e-02
5.844958239182512783e-01 6.972736439437832168e-02 4.075535330134029410e-02
