2.983299579122931644e-01 4.524558722398247523e-01 1.349811413224768220e-01
4.856352115714339113e-01 2.085590364663629515e-01 1.012836117994765778e-01
4.961315413214493208e-01 1.888756344419668110e-01 9.370715963375961244e-02
4.642249369531301073e-01 2.216781781097268422e-01 1.029085382568726836e-01
4.850459557713754366e-01 1.958418385069692069e-01 9.499229173863624198e-02
4.835652154424543991e-01 2.000521765303889810e-01 9.673827384364946935e-02
2.671089345378506175e-01 5.164006321839561542e-01 1.379352226573290208e-01
4.798796906566603071e-01 2.024703703650342357e-01 9.716141869791207475e-02
4.739129658836147563e-01 2.138067063235198351e-01 1.013257703195862974e-01
4.810526526704881900e-01 2.029332928258440749e-01 9.762159882902923802e-02
