6.804820990860739327e-01 4.132072478843457075e-02 2.811801353979192369e-02
6.807096929267426599e-01 4.146979336808850891e-02 2.822889030932699758e-02
6.630778949803199929e-01 4.087603378543296084e-02 2.710399443758932866e-02
6.759560924534859794e-01 4.030690242709832061e-02 2.724569626352531249e-02
6.375452743165382907e-01 4.630622232220041323e-02 2.952231321296987232e-02
6.475705261283807301e-01 4.426502147016182082e-02 2.866472324251675974e-02
6.924263651497614136e-01 3.896678819058418952e-02 2.698163150836685800e-02
6.848377554194069461e-01 3.998930327683514196e-02 2.738618469689371379e-02
6.697686188449025746e-01 4.007169925646898723e-02 2.683876666577354395e-02
6.564364472264634376e-01 4.123312070968662008e-02 2.706692326672659882e-02
