4.119410415824072413e-01 2.280036000740155444e-01 9.392404049902858265e-02
4.026243388597636752e-01 2.264570183161010997e-01 9.117710727967359707e-02
4.088609652683710127e-01 2.270027293308268801e-01 9.281255503275663565e-02
4.083366325796493057e-01 2.279345353025568621e-01 9.307402059405325834e-02
3.938456694413997039e-01 2.282481689889465648e-01 8.989455291422539240e-02
4.170964658298407790e-01 2.511543480735482503e-01 1.047555909592746554e-01
4.049347675130329782e-01 2.267171140093997284e-01 9.180564185262207744e-02
5.137178650726881290e-03 9.863320947835118035e-01 5.066964179848579795e-03
4.094861985337363008e-01 2.324040895916115734e-01 9.516626717056289597e-02
4.043461838736353009e-01 2.284078500715094884e-01 9.235584254319630093e-02
