1.391169491128313174e-01 7.039841812292783052e-01 9.793613151631172520e-02
3.570372835110972587e-01 2.969174137828225479e-01 1.060105868441593852e-01
3.580587270606242489e-01 2.860671550277852360e-01 1.024288413831030420e-01
3.583177136774823301e-01 2.859468641399645072e-01 1.024598265918777451e-01
3.698961319791055913e-01 3.035956618430005194e-01 1.122988610013624378e-01
1.392508745075516918e-01 7.039043968384728345e-01 9.801930282946805240e-02
3.538928586182182312e-01 3.159895315856469100e-01 1.118264386262763505e-01
3.632778502581832658e-01 2.855139291719893113e-01 1.037208864083674770e-01
1.390976759847128430e-01 7.039841841826516289e-01 9.792256394980088097e-02
3.444202731924972394e-01 3.423061083016661343e-01 1.178971633367204008e-01
