1.417320075949114189e-01 7.650064118386450396e-01 1.084258945728707735e-01
5.424317304037037379e-01 7.471477714668939285e-02 4.052766585440582825e-02
5.409445765756489832e-01 7.488291719220298293e-02 4.050750793328562749e-02
2.447815734177371527e-01 5.597348628691659611e-01 1.370127804298757745e-01
4.821931763045177455e-01 1.051352178500510881e-01 5.069548463658356263e-02
5.424317304037037379e-01 7.471477714668939285e-02 4.052766585440582825e-02
5.406042832664715858e-01 7.489817992424741000e-02 4.049027687591100211e-02
4.819175362833216791e-01 1.051906768289883887e-01 5.069323181740117978e-02
5.145291184244090710e-01 9.052623072317216024e-02 4.657838168827842934e-02
5.145051510574433218e-01 9.057355835003752520e-02 4.660056232069621079e-02
