3.083207277766308874e-01 3.487951380477899432e-01 1.075407708078450347e-01
2.844739603780564452e-01 4.345113409353806855e-01 1.236071619850676595e-01
2.971817933830210867e-01 4.522051921325051516e-01 1.343871499750514953e-01
3.038570259507386018e-01 3.533710037032480322e-01 1.073742622424963822e-01
3.090518808006292306e-01 3.463186361547256897e-01 1.070304258599267672e-01
3.004158812431176884e-01 3.656372281543482927e-01 1.098432301112794302e-01
2.955138282131564709e-01 3.817944078961363896e-01 1.128255270677626376e-01
3.661425129130377876e-01 2.832788354811844878e-01 1.037204246781598949e-01
4.260695518333437737e-01 2.290725113925991541e-01 9.760082226638325253e-02
3.570244001794790067e-01 3.236265695626338035e-01 1.155425818802417737e-01
