5.172867550488013944e-01 8.344262318726970717e-02 4.316376378130262065e-02
5.353943771039718635e-01 7.578984148568673751e-02 4.057745497303801713e-02
5.898533461438083547e-01 5.275674093997902853e-02 3.111874017508867510e-02
3.884049158594807261e-01 2.262550862223025872e-01 8.787858772695299192e-02
5.519112443896388998e-01 6.823957939209039647e-02 3.766219117891416585e-02
4.074989992122396432e-01 2.179235895191967143e-01 8.880364463381157369e-02
5.702541458483563197e-01 6.054778182800852476e-02 3.452762360934363145e-02
7.372051013523885261e-03 9.833427241384739004e-01 7.249252726126374606e-03
1.982341550363995175e-01 5.647662011258944847e-01 1.119559506733089627e-01
5.889459826493669281e-01 5.284896365527159273e-02 3.112518483195460609e-02
