3.391763373906963031e-01 3.179712508785875746e-01 1.078483242685375626e-01
3.594504534588920386e-01 3.063777411228292280e-01 1.101276179763120006e-01
3.449376605417615593e-01 3.180955862989187644e-01 1.097231473666090557e-01
3.587582549334236703e-01 3.145224037907772274e-01 1.128375087214448791e-01
2.880804168361897899e-01 4.242097638867225462e-01 1.222065256064686772e-01
3.051564179311028191e-01 3.555320201829935689e-01 1.084928777388508708e-01
3.366150399550049688e-01 3.298552511920488373e-01 1.110342385593797165e-01
3.830377684758610735e-01 2.892467499379606788e-01 1.107924296351318616e-01
3.529860545342325961e-01 3.199659666759574472e-01 1.129435241621779690e-01
2.617326146424363564e-01 3.953690802494035927e-01 1.034809831224516447e-01
