3.882268654821702802e-01 2.867291212546925205e-01 1.113159479871664026e-01
2.831776836743297721e-01 3.756369117950489334e-01 1.063719905847004821e-01
3.849905983038622859e-01 2.614072996581625064e-01 1.006393526963930002e-01
3.948205235186756923e-01 2.609671737506492617e-01 1.030351961614205392e-01
3.770484398521169456e-01 2.839818424155370891e-01 1.070749106291079833e-01
3.757166782084828127e-01 3.172272188753136879e-01 1.191875569131481821e-01
3.465952126829645596e-01 3.350616588693798859e-01 1.161307669177396446e-01
3.798644911923886314e-01 2.817773821190251438e-01 1.070372218881667503e-01
3.147978212301056899e-01 4.341260755503723590e-01 1.366619427224334826e-01
3.853442625655031928e-01 2.607810815754432188e-01 1.004904935707234964e-01
