3.889047896007072347e-01 2.126538917692333275e-01 8.270211703628525812e-02
3.776337296089141704e-01 2.105762999597702023e-01 7.952071352105347102e-02
5.653046027205050894e-01 6.725340664899506771e-02 3.801866032731072986e-02
5.645625709867670983e-01 6.738753138511617558e-02 3.804447797123265002e-02
3.772143237648221681e-01 2.104883015641972333e-01 7.939920233494461577e-02
3.819019680293383456e-01 2.325892548381948421e-01 8.882629416518392218e-02
3.787927337070434164e-01 2.171287116867834377e-01 8.224677826612517006e-02
3.781863510225442204e-01 2.102240345268679977e-01 7.950386051495356154e-02
3.784174485346336603e-01 2.339963606576212218e-01 8.854830576644695528e-02
4.747623422297662654e-01 1.141737804631431791e-01 5.420541143390898015e-02
