3.607564612738451970e-01 3.069697014057557460e-01 1.107413031974293499e-01
3.485139158370475498e-01 3.107044433417940343e-01 1.082848222170187114e-01
1.171013389977917374e-01 8.185427894109814639e-01 9.585245666701339151e-02
3.788025880105159171e-01 2.837452426551517193e-01 1.074834322534432979e-01
3.540889824694936072e-01 3.112595488917102582e-01 1.102135769509792751e-01
3.778542647985609904e-01 2.845682713964053923e-01 1.075253349734861391e-01
4.049307030265620333e-01 2.618827967771101828e-01 1.060443850095175028e-01
3.543144085476610528e-01 3.072441845699436236e-01 1.088610415356079802e-01
1.168438843177084102e-01 8.192765524401391941e-01 9.572745471752659718e-02
2.024945568941839968e-01 6.614047517444127111e-01 1.339308621321926296e-01
