6.014603379138646622e-01 5.605742512051727772e-02 3.371631785556748750e-02
6.330162446499377760e-01 5.486895296510739539e-02 3.473293855384634865e-02
5.976361475208853413e-01 5.748139253303950064e-02 3.435295798758151303e-02
6.063732349281392153e-01 5.315937860243093172e-02 3.223442436992574739e-02
6.054729135252150396e-01 5.498313543792416463e-02 3.329079920835144313e-02
5.963995480395516413e-01 5.799723486029625952e-02 3.458952465822441591e-02
6.122961480130296730e-01 5.342889077319304403e-02 3.271430401303500324e-02
6.246412831509793318e-01 5.051371563722987373e-02 3.155295215236295775e-02
6.302242394128088065e-01 4.918881761125479257e-02 3.099998516666842632e-02
6.119474085676218644e-01 5.124135882246851764e-02 3.135701674289325530e-02
