1.978009822616748625e-01 5.832220909132824760e-01 1.153619024593551118e-01
2.968540070933736175e-01 4.259250692414275896e-01 1.264375635258404018e-01
3.048819417098388995e-01 4.067292374428077006e-01 1.240043996617253286e-01
4.445841633117876834e-01 2.024160945669259415e-01 8.999099004387646483e-02
3.159165972779134357e-01 3.520601289463354266e-01 1.112216379739497246e-01
3.202408085702710960e-01 3.277933773389799521e-01 1.049728162030149209e-01
3.425175115411244198e-01 3.013733966384600782e-01 1.032256658613016215e-01
3.284438728116222395e-01 3.326692127114558861e-01 1.092631645881439184e-01
3.205430881456921566e-01 3.595349028175964801e-01 1.152464280453136952e-01
3.176217896065744450e-01 3.363130508501372962e-01 1.068203530790674816e-01
