2.790645677680187453e-01 3.449757179423849074e-01 9.627049961805358991e-02
2.732531949640676916e-01 3.680192365231191864e-01 1.005624321881792294e-01
1.063136559073615817e-01 7.837912020034963900e-01 8.332770815301704381e-02
1.312089938993967874e-03 9.904690042436665731e-01 1.299584415353488478e-03
2.791066975739394662e-01 3.434887186870693720e-01 9.587000192665183496e-02
2.647440590461905274e-01 3.986615979003638732e-01 1.055432896139825993e-01
1.351183621517203096e-03 9.904145943632286508e-01 1.338231978415198959e-03
2.690872865640210332e-01 3.818207256139786732e-01 1.027431030093711312e-01
3.608240675580968171e-01 2.754007916114640242e-01 9.937123383796823972e-02
2.691773353725699369e-01 3.818177361252900748e-01 1.027766808081926192e-01
