6.362837013874744763e-01 4.646002520413089476e-02 2.956175680343976070e-02
6.067142565937195808e-01 5.303842408725404495e-02 3.217916804100076633e-02
6.048401301158076171e-01 5.364464646658367863e-02 3.244643494886496893e-02
5.882491939051500696e-01 5.517311448840250820e-02 3.245554012303933367e-02
6.048352740949184403e-01 5.187011467344970761e-02 3.137287502585080212e-02
6.278628322528040373e-01 4.827904014207923256e-02 3.031261488205268598e-02
5.719237547483880801e-01 6.100302905878021015e-02 3.488908143032260628e-02
6.088417652532056579e-01 5.174786768770064938e-02 3.150626311106898697e-02
6.072867971529251063e-01 5.446787957061528102e-02 3.307762413215019348e-02
8.844321263680607337e-03 9.818931870060101375e-01 8.684178792500375083e-03
