3.300177232376279579e-01 2.962580478305377185e-01 9.777040643585833968e-02
3.383335444515958579e-01 2.714111370545326807e-01 9.182749200329791417e-02
3.387022340304884915e-01 2.713860025881290050e-01 9.191904536120322489e-02
2.683495715192762152e-04 9.914429498931971452e-01 2.660532907896466840e-04
3.389242404016823418e-01 2.714619691195221951e-01 9.200504168177900399e-02
3.311205854945842852e-01 2.961250141094919908e-01 9.805308805152701535e-02
3.439840451474963645e-01 2.564241342508875587e-01 8.820581097306497143e-02
3.429596207120476081e-01 2.563778009863322271e-01 8.792723338526133026e-02
2.012624237090468102e-04 9.914988767401804459e-01 1.995514670375261802e-04
3.379500488010466763e-01 2.714102078864318313e-01 9.172309300032185919e-02
