6.792906332577188788e-01 3.766480376700589300e-02 2.558534840241714903e-02
6.017813405136763771e-01 7.245194139006309875e-02 4.360022641253048781e-02
6.823033735842343184e-01 3.812650560469833111e-02 2.601384339706389048e-02
6.281567975950921312e-01 7.675619193781550720e-02 4.821492372325241610e-02
6.401825687499975714e-01 6.819319809984310254e-02 4.365609673083500897e-02
5.708366178931683077e-01 1.011676235532460305e-01 5.775018406942419857e-02
5.791555114048760888e-01 1.171367985346842416e-01 6.784042245968499585e-02
6.405280978193498287e-01 6.237388541599526298e-02 3.995222617910953317e-02
4.941607245211676602e-01 2.048712904989508088e-01 1.012393453465481458e-01
6.076028665521671090e-01 7.688649476989342646e-02 4.671645462133545285e-02
