3.858548392496655710e-01 2.586421936850464842e-01 9.979834206752448422e-02
3.949937686077361065e-01 2.574268023344608025e-01 1.016819827947274268e-01
3.926267234259948613e-01 2.711163396606048326e-01 1.064475201081923755e-01
3.632525356238509029e-01 3.919320577009688389e-01 1.423703137521503681e-01
3.941132574964705260e-01 2.558963799277903517e-01 1.008521558748958907e-01
3.856780163922686744e-01 2.577424049266443529e-01 9.940557947228109703e-02
3.846245585881767348e-01 2.599258773286875490e-01 9.997387583319101989e-02
3.629844666926096419e-01 3.920802350253376201e-01 1.423190350113852365e-01
3.631844584363606021e-01 3.919870713138561835e-01 1.423636122091779255e-01
3.915260682400817371e-01 2.563846171358507009e-01 1.003812611044383046e-01
