4.917227297433418576e-01 1.486452172207315403e-01 7.309223197507011549e-02
5.311874188891896331e-01 1.378581619979012962e-01 7.322852124447296052e-02
4.972159954255739311e-01 1.471998169143562130e-01 7.319010349353385902e-02
4.897126135632045574e-01 1.488730238202132516e-01 7.290499758405383224e-02
4.779828398856751370e-01 1.498126376297879703e-01 7.160786998504961587e-02
4.923771189407410986e-01 1.483429169229848466e-01 7.304065804980498788e-02
4.940376272258666934e-01 1.480994970340527295e-01 7.316672410804769822e-02
4.871915279320995773e-01 1.504997686558629255e-01 7.332221224487736611e-02
4.893888626253218854e-01 1.486519579349798170e-01 7.274861262082696345e-02
4.863161566575701089e-01 1.498438777014795831e-01 7.287149870245052119e-02
