3.429044889473206736e-01 2.563138242751273888e-01 8.789116092319591844e-02
1.857466984078206818e-01 6.368730224546393925e-01 1.182970612259591076e-01
3.312978095493496755e-01 3.711269829053382430e-01 1.229535565011975057e-01
3.856086300014863744e-01 2.453279792033750684e-01 9.460058596164659661e-02
3.862226626204897650e-01 2.452997069697358534e-01 9.474030596587729169e-02
3.851267078426065527e-01 2.440873200224947248e-01 9.400454598638813275e-02
9.630836202628512144e-02 8.062779487324660543e-01 7.765130858033689187e-02
3.637341409431945616e-01 2.525945812659773360e-01 9.187727302368621507e-02
3.576360242031044745e-01 2.538679119872857548e-01 9.079231071587652580e-02
3.442044637540099261e-01 2.513830969213055044e-01 8.652718407262026401e-02
