2.813012401225740283e-02 9.607324302053134035e-01 2.702552240427289615e-02
6.200167934973104256e-01 7.770603900249842266e-02 4.817904913770601483e-02
2.917076805252299260e-02 9.593176134850603942e-01 2.798403159167259929e-02
2.791772293647320352e-02 9.605754741952349240e-01 2.681707994815393445e-02
2.819978872809012979e-02 9.605750649227181581e-01 2.708801388829211107e-02
2.735632648526147709e-02 9.612056771320524051e-01 2.629505632311125718e-02
2.809863337883604026e-02 9.593250827084868204e-01 2.695572379014733386e-02
5.888666156403622454e-01 9.173824139543168554e-02 5.402158773532644148e-02
2.776000626469929400e-02 9.612038609852606719e-01 2.668302520260398478e-02
6.652538049953912180e-01 3.844622753324367093e-02 2.557649915420892595e-02
