3.916989653047817099e-01 2.670836825425665362e-01 1.046164021017141066e-01
3.774651264553438024e-01 2.845922430323867269e-01 1.074236470044297870e-01
3.546522594684795027e-01 3.059950406389713162e-01 1.085218325487603830e-01
3.456500769072902157e-01 3.108116985277371569e-01 1.074320874997978514e-01
3.698749896068793119e-01 2.819811480843962270e-01 1.042977742170519556e-01
3.416550689819443654e-01 3.215779092364504099e-01 1.098687227632489105e-01
2.921152551955090715e-01 4.017542763669408323e-01 1.173585529668160071e-01
3.718444422068717392e-01 2.852111552610241407e-01 1.060541829392130098e-01
3.619060060334163276e-01 3.201281402464570824e-01 1.158562966555006513e-01
3.664407031589724806e-01 3.040715813084215458e-01 1.114242040653186661e-01
