7.454764039066886783e-01 3.289276942997874931e-02 2.452078346919241841e-02
7.271716052078898151e-01 3.607559036486303328e-02 2.623314495443973549e-02
6.812529990632238963e-01 4.121840673748031203e-02 2.808016320651625722e-02
6.896327652702959332e-01 3.974590791207621709e-02 2.741008038158365689e-02
1.369737003336646552e-01 7.692333284103005653e-01 1.053647354123399549e-01
6.864707380540421289e-01 3.914980770086927409e-02 2.687519738708955136e-02
7.638081502881441942e-01 3.128149051307316242e-02 2.389305740704654457e-02
9.086387951808162777e-02 8.380735807076472588e-01 7.615061686470692148e-02
7.600738344051080064e-01 3.203133289837378772e-02 2.434617801717344626e-02
6.878001394037803751e-01 3.983754015431004158e-02 2.740026567163814444e-02
