6.417964136329832314e-01 6.316052110582295875e-02 4.053619592890751744e-02
6.299656267097738516e-01 5.286307485161825109e-02 3.330192007870537430e-02
6.299803397686446482e-01 5.291944582096426430e-02 3.333821045865945076e-02
2.764591197948536028e-01 5.449315429334843364e-01 1.506512947078425535e-01
6.151309886328918397e-01 5.541667744152796449e-02 3.408851558135717053e-02
6.256249744371200627e-01 5.403218194293601950e-02 3.380388244683116966e-02
6.179849520596099044e-01 5.671888861978758439e-02 3.505141966457378522e-02
6.417964136329832314e-01 6.316052110582295875e-02 4.053619592890751744e-02
6.394714658300985066e-01 5.267119998107890749e-02 3.368172945893078279e-02
6.180735746044124790e-01 5.663674939100615813e-02 3.500567815007345901e-02
