3.260187785448165343e-01 3.417459847022109587e-01 1.114156085052103728e-01
3.041268890777118483e-01 3.175566637990054342e-01 9.657752026708836535e-02
3.042095940345418970e-01 3.175397748399413911e-01 9.659864599387840700e-02
3.068034063682890111e-01 3.073298501786770887e-01 9.428984491347404406e-02
3.010769796132271581e-01 3.291173793708515039e-01 9.908966651919660917e-02
3.026282659691492127e-01 3.186315323251089904e-01 9.642690811064065504e-02
3.268331332936378897e-01 3.421248916347793823e-01 1.118177503107412735e-01
3.072606793892002641e-01 3.076273632071421238e-01 9.452179261773475949e-02
3.037807209965919242e-01 3.174159933683031731e-01 9.642485932127257964e-02
3.048893748917025359e-01 3.084687684144943320e-01 9.404884997550853887e-02
