3.461101494543506463e-01 3.122981510044069431e-01 1.080895597184526602e-01
3.132696744317969295e-01 3.557544024658871318e-01 1.114470658381669227e-01
3.108866578603260988e-01 3.475247558726444197e-01 1.080408098769721631e-01
2.220030450069014941e-04 9.914798380826180813e-01 2.201115431172908808e-04
3.122395971101969425e-01 3.310236025950370475e-01 1.033586763082403048e-01
3.084241147085017287e-01 3.474292382972240523e-01 1.071555552456704141e-01
3.070910163224203071e-01 3.485429680678135411e-01 1.070344142959777506e-01
3.409182614973440550e-01 3.320422569742669805e-01 1.131992689913214611e-01
5.960771252204006502e-04 9.911062623694792961e-01 5.907757716611353616e-04
3.132113958067773707e-01 3.299037908542028497e-01 1.033296268153920255e-01
