6.677617224766728941e-03 9.845495476587313721e-01 6.574445018082236171e-03
7.011254945327291890e-03 9.838469537299145973e-01 6.898001819784054835e-03
6.029228618125462846e-01 6.142097390184719785e-02 3.703210936021542748e-02
5.944547830581781156e-01 5.935651473061880762e-02 3.528476408727955482e-02
5.944305425547690147e-01 5.936551595252556601e-02 3.528867585670356771e-02
5.799994978281651781e-01 6.465383719520051420e-02 3.749919310588024218e-02
5.908747829181321132e-01 6.165892340070277394e-02 3.643270297935598950e-02
3.688042871669511280e-01 2.637226040643966818e-01 9.726202700178190885e-02
5.941900631721698245e-01 5.832214907043709040e-02 3.465444144049972114e-02
5.768844475952872308e-01 6.222454795436340586e-02 3.589637397351939235e-02
