4.057037687697269690e-01 2.500605040220137409e-01 1.014504889021884404e-01
3.261629968421652648e-01 3.425143440468632616e-01 1.117155049157533692e-01
2.029849737473257143e-01 5.551825108937329389e-01 1.126937073987387544e-01
3.254725226264836846e-01 3.430590309539927607e-01 1.116562882143929819e-01
3.249996438315252978e-01 3.372203027349072180e-01 1.095964782816039873e-01
3.251366790970258158e-01 3.367376172246828725e-01 1.094857505914788309e-01
4.467825394980701192e-01 2.002303682350776159e-01 8.945943240470169422e-02
4.085824080584513629e-01 2.471952567245268295e-01 1.009996332531342689e-01
1.838118065032936718e-02 9.680054277935380425e-01 1.779308263877238394e-02
4.317504005127765221e-01 1.977928447214793994e-01 8.539713992706014778e-02
