5.374227957189978699e-01 7.945063755004191930e-02 4.269858375380031906e-02
5.844998932573093331e-01 5.727240091478632417e-02 3.347571222128243457e-02
5.919260840425358827e-01 5.540739985571981746e-02 3.279708522357519668e-02
1.338570409319721427e-03 9.904189245337524650e-01 1.325745465211143398e-03
5.743229244681965495e-01 6.176927666106027393e-02 3.547551161426525795e-02
6.095649200857164995e-01 5.162023037471846071e-02 3.146588160317153465e-02
6.095649200857164995e-01 5.162023037471846071e-02 3.146588160317153465e-02
6.048306198198156736e-01 5.030928820256320294e-02 3.042859796625004346e-02
5.854731580715569761e-01 5.798667075907658341e-02 3.394963925537217847e-02
5.791890388634126641e-01 6.237494630856916383e-02 3.612688520161714406e-02
