6.017684861700236532e-01 1.496130559497189927e-01 9.003242219013345149e-02
5.199173215585759511e-01 1.679231254338554025e-01 8.730614160331488793e-02
7.358357895937873705e-01 4.423912729356613283e-02 3.255273316300130726e-02
4.539933834789669498e-01 1.963537087413571580e-01 8.914328459013234895e-02
2.012618634961754471e-01 6.355428544895868059e-01 1.279105392262529228e-01
2.306499599653922539e-01 5.750211110004805892e-01 1.326285962315162104e-01
6.023422725053386717e-01 1.467726923655661708e-01 8.840739706120209762e-02
4.871460827380332259e-01 1.845078908935330331e-01 8.988229628304104935e-02
5.891063647457509544e-01 1.396346981518345465e-01 8.225968942059748434e-02
4.872260784900849795e-01 1.845617611513261092e-01 8.992330312498433842e-02
