3.690588807541445582e-01 2.807617924603798554e-01 1.036176328839552158e-01
3.753407944665409501e-01 3.035475012738845235e-01 1.139337602864731736e-01
2.755179764034171308e-01 3.759474172034344974e-01 1.035802716219814817e-01
3.730836413282390129e-01 2.842429422413622619e-01 1.060463919132597632e-01
2.790787703411033993e-01 3.746382361834793007e-01 1.045535782768452771e-01
4.088871979103984519e-03 9.876058382079855313e-01 4.038193838248135652e-03
3.686998069375763687e-01 2.814783277034743625e-01 1.037810050813828544e-01
2.800767595849363856e-01 3.762649152783142936e-01 1.053830582166508933e-01
3.785990308120861236e-01 2.816234457710425909e-01 1.066223636228768173e-01
2.775702963182940519e-01 3.787093660842172360e-01 1.051184709625094804e-01
