5.002050063621371612e-01 1.309500737310396457e-01 6.550188246375701628e-02
3.635847582502523823e-01 3.324142918536464597e-01 1.208607699425368887e-01
4.232725441280149048e-01 2.315384499121952155e-01 9.800386875779182327e-02
6.175165208010445772e-01 6.363622015314571168e-02 3.929641726589985784e-02
3.802182619200633606e-01 3.272022649070236988e-01 1.244082764592566864e-01
3.412148202626894555e-01 3.895569541106484457e-01 1.329226060789456820e-01
3.391038357648400448e-01 3.887455099920730239e-01 1.318250935746709263e-01
6.243431497542841768e-01 7.680084908610251837e-02 4.795008402222068061e-02
6.535755311563532510e-01 4.090396942186917684e-02 2.673383354130137723e-02
3.528366191247668815e-01 3.714620415003353493e-01 1.310654108561621622e-01
