4.067717370439166702e-01 2.539476892485587611e-01 1.032987426739250120e-01
3.429387940543534574e-01 3.139299145706486160e-01 1.076587463204444345e-01
3.480304157246514873e-01 3.027452181088348127e-01 1.053645441170680680e-01
4.268604243909083773e-01 2.498748293311983393e-01 1.066616756929211207e-01
3.499187494987350266e-01 3.050636793227547439e-01 1.067475011861014483e-01
3.739443766757340470e-01 2.790153865642790443e-01 1.043362348117183036e-01
4.005107024499454105e-01 2.518154522207876056e-01 1.008547836566983102e-01
4.148365877788400269e-01 2.458238022191079342e-01 1.019767073073951785e-01
3.480117172418664140e-01 3.030231262116490076e-01 1.054555985169148002e-01
3.491955434427783667e-01 3.040386069073651720e-01 1.061689265666026505e-01
