3.535592395321938142e-01 2.876714115394581883e-01 1.017088854990435970e-01
3.845882250130454039e-01 2.389181550776289797e-01 9.188510918469684763e-02
3.617054091956053985e-01 2.873268819635951266e-01 1.039276874135395823e-01
3.506327902605963498e-01 2.933904878031087793e-01 1.028723253743214910e-01
4.106484375688909672e-01 2.374561228763289733e-01 9.751098585033107780e-02
3.622958673590054857e-01 3.032025374207136248e-01 1.098490262802887668e-01
3.784201507466537495e-01 3.787723402225676161e-01 1.433350860856868469e-01
3.547512455672362508e-01 2.928262386780094428e-01 1.038804729057926646e-01
3.895935667814356962e-01 2.674071450552296669e-01 1.041801034249076746e-01
4.055537457058063788e-01 2.559752341777475904e-01 1.038117150287064805e-01
