6.529119915759951098e-01 8.862283968991108152e-02 5.786291476105998727e-02
7.941994361313673423e-01 3.086295671328553522e-02 2.451134281903816908e-02
2.355158426693624574e-01 6.042642334337354759e-01 1.423138001321025414e-01
7.171409035596251202e-01 6.665014845146731426e-02 4.779754768286841732e-02
7.941444678882340069e-01 3.093498524925259591e-02 2.456684739989807228e-02
7.892518399752515013e-01 2.316033402941129749e-02 1.827933624715429722e-02
2.074090120989064423e-01 6.258212479297889930e-01 1.298009667836223235e-01
6.186043288934526263e-01 1.269678501851649322e-01 7.854286175483839172e-02
8.010109111465132381e-01 2.884137272471259256e-02 2.310225424493822857e-02
8.102730441337112621e-01 2.362432733111858446e-02 1.914215562219669098e-02
