3.365260828765980761e-01 3.503954241426054939e-01 1.179171995445951887e-01
4.102692939539406836e-01 2.642047400692623116e-01 1.083950921675006646e-01
3.396913102048856326e-01 3.218678709866492627e-01 1.093357188083119852e-01
4.301427156361865567e-01 2.288153652434873342e-01 9.842326258511953363e-02
2.846353753525726615e-01 4.134345062072972143e-01 1.176780858580195738e-01
3.962680632842861539e-01 2.913656802886773201e-01 1.154589138355026773e-01
4.615717260233456187e-01 2.264716969446619044e-01 1.045329320541836388e-01
3.299577918546395261e-01 3.870646230403828048e-01 1.277149883234531269e-01
3.412807325906882516e-01 3.184961921319595657e-01 1.086966137781397584e-01
3.389274026767284398e-01 3.783891509955178423e-01 1.282464521479632635e-01
