4.343636503883084865e-01 2.304831447393681509e-01 1.001135001019688164e-01
2.969404214566285782e-01 4.021393977572100820e-01 1.194114422543407633e-01
2.980300812999179261e-01 4.052548289514064095e-01 1.207781296195719889e-01
2.893514530910612503e-01 4.253087482210726744e-01 1.230637043101076855e-01
3.392428194066635649e-01 3.466802053180709220e-01 1.176087702845833860e-01
2.994180747195996917e-01 3.891175306299083370e-01 1.165088218608520132e-01
2.957209664467081445e-01 4.049054858071260421e-01 1.197390415824571841e-01
5.300674379609338072e-01 1.581238089295267935e-01 8.381628227989849911e-02
2.922851624390129799e-01 4.198438655250498197e-01 1.227141324340123019e-01
4.339227764759128192e-01 2.326050398474805714e-01 1.009326247129091053e-01
