3.621661739625823273e-01 2.094468093058895475e-01 7.585454957498459494e-02
4.388888057580522251e-01 1.159455712252081411e-01 5.088721328796678295e-02
4.373474860294391808e-01 1.162156905989170513e-01 5.082664012061149927e-02
4.366776418026955819e-01 1.163277738221917268e-01 5.079773794883202936e-02
2.923682545589105231e-01 3.050730514444635055e-01 8.919367556377851003e-02
4.372889192180748896e-01 1.162091927694834381e-01 5.081699230937233858e-02
3.091358618425755767e-01 2.958409727578411585e-01 9.145505408184115281e-02
4.044393808971505355e-01 1.472020495194944489e-01 5.953430577445602973e-02
4.057281526541823835e-01 1.462572289030710793e-01 5.934067529516291739e-02
4.379162774082651088e-01 1.160909103125540298e-01 5.083809928501043657e-02
