4.849197028698464806e-01 1.535711281867724320e-01 7.446966584971678738e-02
4.857974780632871581e-01 1.519847688514602557e-01 7.383381741207102611e-02
4.857947628306261145e-01 1.527326342391140956e-01 7.419671382668720228e-02
4.796673766140788220e-01 1.537638487024945988e-01 7.375550192520971549e-02
4.902374885033554119e-01 1.505474176097400807e-01 7.380398790966480327e-02
4.869242736778643388e-01 1.545938791265466516e-01 7.527551230873727461e-02
4.875849986175531670e-01 1.532784721242012871e-01 7.473628361877934778e-02
4.899860573239447348e-01 1.518596642331776492e-01 7.440911814415278325e-02
4.832941716300875878e-01 1.541573166790470295e-01 7.450333266511711960e-02
4.905689782896542339e-01 1.525501781333031825e-01 7.483638502475929710e-02
