6.168044620801514943e-01 5.273242801486589804e-02 3.252559689588967184e-02
6.116126529149611413e-01 5.563263386434403462e-02 3.402562278641815818e-02
5.891424349540915761e-01 5.938996843613479626e-02 3.498915061631109602e-02
6.278806501120813843e-01 5.232140921507352771e-02 3.285160043274061581e-02
6.180621478201754337e-01 5.258246085949905280e-02 3.249922869649229246e-02
9.548214249664929709e-02 8.161056016887753284e-01 7.792351135276136265e-02
8.606613585416948708e-02 8.513953548731776344e-01 7.327630827812374459e-02
5.893549900160619526e-01 5.926452250853522785e-02 3.492784207132446084e-02
7.981406994553576217e-02 8.590928228443936998e-01 6.856769465221020099e-02
5.887455955461046164e-01 6.007519321522311606e-02 3.536900540704383811e-02
