3.442244109284322007e-01 3.069941154957549490e-01 1.056748685650213265e-01
3.486978700432160627e-01 3.120589755868356518e-01 1.088143001149975558e-01
4.889297494680209799e-01 1.688521206788905771e-01 8.255682506067400783e-02
3.452336091634163329e-01 2.984690146654343512e-01 1.030415351563965382e-01
3.475638116864216420e-01 3.044581217088669356e-01 1.058186252800222688e-01
3.441684791309292946e-01 3.144228251093670878e-01 1.082144255219410350e-01
3.457425139920868307e-01 3.189737230987151895e-01 1.102827769215655729e-01
3.448456050785801419e-01 3.133174222191873470e-01 1.080461360468366327e-01
3.470704450696687204e-01 2.985176982527897316e-01 1.036066703937688072e-01
3.441357496906442548e-01 3.077661620891223859e-01 1.059133389199524711e-01
