3.596852510288784943e-01 3.020275071230013042e-01 1.086348397171631175e-01
3.581657602641248328e-01 3.000310584153272342e-01 1.074608521401757277e-01
3.582667908959738523e-01 3.048493551557176495e-01 1.092174001783459691e-01
3.574756219811155988e-01 3.131135238857724601e-01 1.119304517017654099e-01
3.565463392074786353e-01 3.002785544869972512e-01 1.070632193448522729e-01
3.521780191766708534e-01 3.256309099443157606e-01 1.146800488468860124e-01
1.790446965508248611e-01 7.161271451255050158e-01 1.282187673908045666e-01
2.589752198633804015e-01 5.854401016694151805e-01 1.516144790466765757e-01
3.606296970352700360e-01 3.014819538314119085e-01 1.087233456718233460e-01
3.589912451072607147e-01 2.997462448540132440e-01 1.076062776563680573e-01
