2.832488724810459657e-01 4.410640264476453631e-01 1.249308881832457835e-01
3.273916307315544727e-01 3.235788197167887015e-01 1.059369974572711287e-01
2.889010256426647882e-01 5.224232670729906935e-01 1.509286176769787935e-01
3.201584495175420764e-01 3.244399275377694014e-01 1.038721841620759562e-01
3.232011834733750644e-01 3.241354435060097017e-01 1.047609589468096458e-01
3.243965408939621375e-01 3.150755449710122003e-01 1.022094169088763604e-01
3.232984301342123890e-01 3.240884144317353055e-01 1.047772756104660419e-01
3.232377025556382732e-01 3.221419730905420442e-01 1.041284312785270560e-01
2.976791174005615770e-01 3.616429395879073860e-01 1.076535510706728843e-01
3.283414056174158158e-01 3.196183640517405999e-01 1.049439429138874363e-01
