6.101064164785076072e-01 7.575953446962382931e-02 4.622137808934216607e-02
4.271036749278636080e-01 2.303956045087467708e-01 9.840280937291240315e-02
5.973726842259619030e-01 6.277701015660205885e-02 3.750127106492984197e-02
3.489428748842711703e-01 3.711614330752749380e-01 1.295141375034524478e-01
3.770465632024519453e-01 3.272573796048161565e-01 1.233912702626361185e-01
6.223767789797571837e-01 6.478156621480360422e-02 4.031854251803333039e-02
4.816160006153328288e-01 1.212668514076669091e-01 5.840405598217437988e-02
6.535814130043322567e-01 4.099753181252578649e-02 2.679522477172066597e-02
3.503462477909118356e-01 3.703773921268445068e-01 1.297603295982231730e-01
3.376635197850400560e-01 3.892446836394517495e-01 1.314337299353116606e-01
