3.669544103569521987e-01 3.319265542137196934e-01 1.218019129833104314e-01
3.539099232111706517e-01 3.891989696742496063e-01 1.377413774712804018e-01
5.887496042966068321e-01 7.216878464637492552e-02 4.248934340312027214e-02
3.717574996486604499e-01 3.169598830736527484e-01 1.178322136203929227e-01
3.888049313826575926e-01 3.147066288414088753e-01 1.223594892323514732e-01
5.166201716620028028e-01 9.964433292695801248e-02 5.147827238187080434e-02
6.233140556674297006e-01 7.718855064491569884e-02 4.811270855357319826e-02
6.233110293834436266e-01 7.719620872035078130e-02 4.811724832198101265e-02
5.437887869383114525e-01 8.984469846687612171e-02 4.885653959214093789e-02
6.524798036447833072e-01 4.277282667975813857e-02 2.790840555334093975e-02
