6.490696150840756795e-01 4.401052416170755238e-02 2.856589397728793306e-02
6.479691450481598336e-01 4.456058958378546209e-02 2.887388713544740068e-02
6.656651117007311713e-01 4.291093553753799750e-02 2.856431269777810755e-02
6.597185793685146349e-01 4.361109994115093536e-02 2.877105289787440859e-02
6.439155981415972674e-01 4.511186281611367227e-02 2.904823212851951469e-02
6.452780736446402932e-01 4.487977438491388971e-02 2.895993436070330718e-02
6.475585806797120592e-01 4.465222019219476646e-02 2.891492833185562231e-02
6.615830705848847471e-01 4.020006406968835294e-02 2.659568182493352029e-02
6.571468283012277256e-01 4.444923648492067614e-02 2.920967477647683566e-02
6.628073736637242197e-01 4.429235975355733795e-02 2.935730264162417918e-02
