3.848550605410935299e-01 2.441960523220694235e-01 9.398008650030606481e-02
3.637621735834749015e-01 2.478819446454721964e-01 9.017007497633557078e-02
1.544028560255801263e-01 6.790546709443566753e-01 1.048479805913191953e-01
3.711937083377288560e-01 2.466942148863379147e-01 9.157134044912432214e-02
3.816549335267850895e-01 2.553461558868297954e-01 9.745412015130812400e-02
2.278787626448589565e-01 5.082165069408317581e-01 1.158117487573691179e-01
2.892272977925051114e-01 4.591910858861570910e-01 1.328105969412593512e-01
3.843922427016847609e-01 2.454945955050633066e-01 9.436621813733422903e-02
3.480626292029934121e-01 2.553765782038551757e-01 8.888704324649769617e-02
3.637937907297475459e-01 2.478808573280232574e-01 9.017751673670129642e-02
