5.550769386161434893e-01 8.066793907783206818e-02 4.477691266779659091e-02
5.503441762485531408e-01 8.213944759550850794e-02 4.520496662446132907e-02
5.509846295761636759e-01 8.202155022004531393e-02 4.519261346525437623e-02
5.639248493898374459e-01 8.231849637297913858e-02 4.642144566913013887e-02
5.701668376589965614e-01 7.934500855616587189e-02 4.523989261249512089e-02
5.807196762960403769e-01 7.752142701141602477e-02 4.501821800007663188e-02
5.562073489435654938e-01 8.072988929908977984e-02 4.490255770755424009e-02
2.373848328023038870e-03 9.892758089965606461e-01 2.348390725140124709e-03
5.532300164691392741e-01 8.137553078516283900e-02 4.501938623646058873e-02
5.516796883067015544e-01 8.127997411882065260e-02 4.484051078744774599e-02
