5.785250887320861901e-01 6.816491472477442803e-02 3.943511333956521703e-02
5.758277683844392758e-01 6.922016692288526785e-02 3.985889424640340351e-02
5.806986093792275705e-01 6.773338300930814571e-02 3.933268132205584161e-02
5.766045517699157630e-01 6.847409871793370961e-02 3.948247699910312908e-02
5.892077252373135732e-01 6.635763431829029557e-02 3.909843076880931828e-02
5.847461048586788390e-01 6.659463508545361565e-02 3.894095347070411495e-02
5.770172566153012328e-01 6.838700620374348060e-02 3.946048270781764983e-02
1.942370328817265568e-01 6.338487399767193109e-01 1.231168985488989703e-01
5.753041410496926300e-01 6.875444406468378400e-02 3.955471638598204165e-02
5.753041410496926300e-01 6.875444406468378400e-02 3.955471638598204165e-02
