3.736100370102594104e-01 2.670838883143193954e-01 9.978522139795685530e-02
3.715623136991653142e-01 2.664440879213247904e-01 9.900058177951126526e-02
5.235257770361515517e-01 1.206132998383208643e-01 6.314417151875126311e-02
5.199073564126232005e-01 1.571143263229447806e-01 8.168489405311243901e-02
2.449304988112106264e-04 9.914642349565495616e-01 2.428398296213830226e-04
1.836980747592188235e-04 9.915148409629641613e-01 1.821393673800895648e-04
4.223149637837093628e-01 2.498983047254031975e-01 1.055357935097190197e-01
3.825437862340252959e-01 2.640001417114611337e-01 1.009916137766215666e-01
5.293144390470756466e-01 1.474224980430653975e-01 7.803285685458376253e-02
3.715623136991653142e-01 2.664440879213247904e-01 9.900058177951126526e-02
