6.012989291341802600e-01 5.775045952811021926e-02 3.472528947125948923e-02
2.474773007544881775e-01 5.549097806823415358e-01 1.373275746855309176e-01
6.624233164787646233e-01 4.338131651989261817e-02 2.873679556232228843e-02
2.656077939501905183e-01 5.485095450266397332e-01 1.456884102151484728e-01
2.698028335601669325e-01 4.985955084332245324e-01 1.345224809756560835e-01
5.988426493366233450e-01 8.718007545475200959e-02 5.220714735469041828e-02
2.783066749294045295e-01 4.925519520752090208e-01 1.370804960120388383e-01
6.125989963222301382e-01 8.413263983430099846e-02 5.153957072043247045e-02
5.012045887202680738e-01 1.095964581610753830e-01 5.493024773781985531e-02
1.586204724759496532e-01 7.350013442661561536e-01 1.165862604979558126e-01
