5.562240641962584720e-01 7.955331824777323035e-02 4.424946999607479864e-02
5.500860736733207412e-01 8.074711050662160272e-02 4.441786097905322389e-02
5.734879253078711825e-01 7.674644756600566831e-02 4.401316098937790855e-02
5.592064517701306192e-01 8.065603794247316882e-02 4.510337679164744956e-02
5.732220744604598073e-01 7.703090084237153301e-02 4.415581277842219043e-02
5.555437374401988038e-01 7.958116198416356757e-02 4.421081615851609609e-02
4.185738246992889294e-03 9.874039369360606555e-01 4.133014424064623653e-03
5.560212739915151303e-01 7.909368018914238185e-02 4.397776882344441030e-02
5.517071442688402660e-01 8.000711446139896488e-02 4.414049664068865619e-02
5.566086097594000748e-01 7.940147497063634874e-02 4.419554459625169712e-02
