5.033542033247032643e-01 9.594612876694129378e-02 4.829488720757312697e-02
5.593461675421019796e-01 7.649076790313391605e-02 4.278481787897037841e-02
5.345491024815234304e-01 8.463094564060270886e-02 4.523939603434677659e-02
5.345522083313158923e-01 8.670673183591179334e-02 4.634927498007786195e-02
3.002225536684622886e-01 3.327251493780772340e-01 9.989159401600691823e-02
5.446100026032036912e-01 9.480930024974643100e-02 5.163409325582232756e-02
5.444377228983293682e-01 9.506540785165221163e-02 5.175719417715449189e-02
4.900598262419146867e-01 1.030308280631364870e-01 5.049126969818125421e-02
5.440915013506526510e-01 9.523236056023175189e-02 5.181511803438317715e-02
5.440915013506526510e-01 9.523236056023175189e-02 5.181511803438317715e-02
