4.958519018825646024e-02 9.238347351230757898e-01 4.580852104359524335e-02
7.561182426920742827e-01 3.218342447530299355e-02 2.433447435807919307e-02
7.165696522276993052e-01 5.017866560202587783e-02 3.595650895969369765e-02
5.409202280774297877e-01 9.222819937852269612e-02 4.988809864300116498e-02
5.455796416079218281e-01 9.163265846126233960e-02 4.999291296287661224e-02
5.428052350258174563e-01 9.375350829636196204e-02 5.088989510530168153e-02
5.492643448393552674e-01 9.106203471939793015e-02 5.001712883988872899e-02
5.885966571809274628e-01 1.099062491331996017e-01 6.469045084309549276e-02
6.613083466680240718e-01 6.619793302523604983e-02 4.377724564175944355e-02
6.286244778073567518e-01 9.671275246466150277e-02 6.079600351540999370e-02
