3.747088412234093058e-01 2.983992363549236027e-01 1.118128320765036515e-01
3.165998578907563976e-01 4.473384580831266666e-01 1.416272922581879867e-01
3.548428289177885664e-01 3.158047015302902771e-01 1.120610336765460735e-01
4.250696908480102176e-01 2.281742021973415802e-01 9.698993758751535410e-02
2.137151397313632739e-01 6.387992966785881466e-01 1.365210809499610434e-01
2.078707264070933092e-01 6.454405467137224184e-01 1.341681952979729142e-01
3.172861493230107466e-01 3.368885221039594757e-01 1.068900619294852888e-01
3.221432334192955160e-01 3.298409140083450874e-01 1.062560185526240930e-01
3.750746500688285079e-01 3.012020357798095849e-01 1.129732481701308383e-01
3.746729763172135241e-01 2.984138226634560631e-01 1.118075951115142241e-01
