2.787652813233514396e-02 9.546055195885166933e-01 2.661108762209169268e-02
2.922917952129710367e-02 9.496783344266822580e-01 2.775831852444392289e-02
5.539521799191399198e-01 1.026704089940529280e-01 5.687449687544528926e-02
5.519428850154871613e-01 1.026791720709827882e-01 5.667303846385987609e-02
2.040264246991009278e-01 6.652858306815887524e-01 1.357358894369359859e-01
5.400328168844491517e-01 1.083210125082107178e-01 5.849690151258468696e-02
5.396755899263704359e-01 1.068094040698044367e-01 5.764242815105578149e-02
5.679386698088708663e-01 1.000855960821387669e-01 5.684248030591782658e-02
5.690263807309604571e-01 1.005817059358925236e-01 5.723364409644668416e-02
5.835009501324903702e-01 9.649298912568626818e-02 5.630375083596200064e-02
