6.177838395163758219e-03 9.845904911459327780e-01 6.082640939714486182e-03
5.969047859084171126e-01 5.958655613220001368e-02 3.556750053111072674e-02
3.221205602980296012e-01 4.178720077387383935e-01 1.346051652656649611e-01
5.990549108098053299e-01 6.042313274966184394e-02 3.619677440019770237e-02
5.876212962213480662e-01 6.330635257602809651e-02 3.720016095977130705e-02
5.861429101786214124e-01 6.221514224880030780e-02 3.646696453488871420e-02
5.952565762036565733e-01 6.010093284516744572e-02 3.577547551206026327e-02
5.902952373759767779e-01 6.293867184996812525e-02 3.715239823980564376e-02
5.843220099445275428e-01 6.315128084142038190e-02 3.690068335183008946e-02
5.896174507524724051e-01 6.133635875018188244e-02 3.616498748472134900e-02
