3.617832153089306935e-03 9.880804340737781022e-01 3.574709164230553769e-03
4.099312305195126349e-01 2.325969543136381379e-01 9.534875569688054664e-02
3.998107126966337632e-01 2.534268700079473913e-01 1.013227775143546033e-01
3.318210594078753028e-03 9.883426557373345966e-01 3.279529070847553730e-03
2.383980357567318156e-03 9.893042220639018947e-01 2.358481833058758206e-03
3.993432784129543611e-01 2.538866262155192732e-01 1.013879176581097968e-01
4.100056635936428218e-01 2.324798512295666586e-01 9.531805567552983915e-02
1.112764672522618568e-03 9.906162810990986056e-01 1.102322801632812628e-03
4.048675365926122649e-01 2.457259439472743445e-01 9.948645760282728845e-02
3.908450120933062120e-03 9.876438286019482149e-01 3.860156641338076833e-03
