3.500275313294142210e-01 2.966949963167831994e-01 1.038514171185532659e-01
2.838207231497688054e-01 4.646938363610884082e-01 1.318897406792444438e-01
3.497982988908395763e-01 3.092133294937953192e-01 1.081622966513022810e-01
3.584841866067739469e-01 3.057332434541207289e-01 1.096005330983012699e-01
3.599633970909170699e-01 2.918580261656590347e-01 1.050582065668403814e-01
3.572204138706477905e-01 3.023454501749023859e-01 1.080039668433859512e-01
4.327820119337806859e-01 2.206731532027558229e-01 9.550337122286008118e-02
3.819213111065521415e-01 2.889281962131832193e-01 1.103478355133900857e-01
3.496277690580626429e-01 3.011519845147642149e-01 1.052910964933052446e-01
3.529186073703382553e-01 2.944321771357430451e-01 1.039105939197631778e-01
