6.976906386494349244e-01 3.275946071958883710e-02 2.285596907126101127e-02
6.895424868399088192e-01 3.360824544300400341e-02 2.317431314109501261e-02
6.844438209051643129e-01 3.489767345480633554e-02 2.388549696010837387e-02
6.839842742465869208e-01 3.488890812218520265e-02 2.386346450120869697e-02
6.959633028002926158e-01 3.309156915508042196e-02 2.303051776401406070e-02
6.966584587504508486e-01 3.313702116129210035e-02 2.308518608980682923e-02
6.959275824392355814e-01 3.280890095214312324e-02 2.283261912211329708e-02
6.996990119903738758e-01 3.273908507781583127e-02 2.290750548241652848e-02
6.934438191942970953e-01 3.287236822127197200e-02 2.279514056532007740e-02
6.919810109582615887e-01 3.330211745340144747e-02 2.304443290245550280e-02
