7.033707492179906984e-01 3.228406261519831122e-02 2.270766530945255920e-02
7.108231492455201472e-01 3.404005115594599395e-02 2.419645636314813816e-02
7.004452916450800704e-01 3.223543714882727562e-02 2.257916017501697056e-02
6.999819441023809041e-01 3.223092665105964372e-02 2.256106669742996909e-02
7.053224133931909057e-01 3.198936854520374740e-02 2.256281862522733703e-02
7.038034471003511428e-01 3.335506346764336577e-02 2.347540864677839095e-02
7.099056806946772991e-01 3.277483188459780206e-02 2.326703933868901758e-02
7.092580672356907368e-01 3.329103740370326081e-02 2.361193684522166353e-02
7.024190347019171332e-01 3.277018993334332442e-02 2.301840517997750038e-02
7.020723565904499752e-01 3.275231225913138866e-02 2.299449305155465764e-02
