2.952214715420264923e-01 3.580990246240124408e-01 1.057185210072653370e-01
3.560935499633687273e-01 3.212243895297072216e-01 1.143859332024494135e-01
2.757579689553222302e-01 4.425753705182514652e-01 1.220436852837622210e-01
3.537747592622960124e-01 3.066045012766958067e-01 1.084689336278993887e-01
3.490601042980887581e-01 3.116039489598276258e-01 1.087685069236137558e-01
3.495003369396322279e-01 3.086755205474102648e-01 1.078821984363362574e-01
3.165435247851077771e-01 3.519990972145637942e-01 1.114230349534738318e-01
3.493479430396113083e-01 3.130887003852517170e-01 1.093768934685328542e-01
2.969163320107295334e-01 3.567861547054085314e-01 1.059356363673425866e-01
3.556150261162138171e-01 3.137740153794983389e-01 1.115827546737695741e-01
