3.690929834575994439e-01 2.842677172985848544e-01 1.049212198784161415e-01
1.705275051118599061e-01 7.106140116146798524e-01 1.211792344981815900e-01
3.869625905260842824e-01 2.677923825285161152e-01 1.036256340663867098e-01
3.803466054698741994e-01 2.698744859580621824e-01 1.026458446370761834e-01
3.833380173426192417e-01 2.644259033609483445e-01 1.013645015284169726e-01
1.763076743768167698e-01 7.003581724752832027e-01 1.234785206199147112e-01
2.566443825538666790e-01 5.423143016128216809e-01 1.391819190875540346e-01
3.648205989052334397e-01 2.849390648833479700e-01 1.039516403022401753e-01
3.849233744144156533e-01 2.657749547910945864e-01 1.023029924330269014e-01
4.032694893188185636e-01 2.440792261350212544e-01 9.842970487680245684e-02
