3.525762586115963604e-01 3.095248376513403676e-01 1.091311092064713578e-01
3.598149600436998385e-01 2.974370569868746150e-01 1.070223027752479628e-01
3.428451219619962909e-01 3.189597201120464298e-01 1.093537841427787566e-01
3.575997485228367134e-01 3.554038658668358108e-01 1.270923330580244759e-01
3.787760851148216368e-01 2.981638087854835417e-01 1.129373202146897182e-01
3.483850221954774562e-01 3.419091256162751225e-01 1.191160183166622977e-01
3.913621671120453560e-01 2.640280699761787808e-01 1.033305976442880914e-01
3.592107024047159758e-01 3.109348551750862333e-01 1.116911277295513649e-01
3.823976826273825513e-01 2.836048635952722052e-01 1.084498426206870203e-01
4.027057498977263950e-01 2.520208181299098404e-01 1.014902325548438650e-01
