3.694666144850518585e-01 2.882433498503106928e-01 1.064962946170246727e-01
3.701601191785285350e-01 2.742967404662807196e-01 1.015337141412803873e-01
3.725051161386476739e-01 2.762608755296313556e-01 1.029085895237298182e-01
3.676883606382564951e-01 3.011169923231252210e-01 1.107172132676123855e-01
2.349174324402522329e-01 5.183160057619213834e-01 1.217614652662775548e-01
3.688304462893920999e-01 2.744969093305459351e-01 1.012428175734440550e-01
2.632504452538870776e-01 4.400688983900704621e-01 1.158483334435736339e-01
2.962418108674469419e-01 3.764949449428629524e-01 1.115335442723134618e-01
2.349664873424569811e-01 5.164253012601591752e-01 1.213426390118697296e-01
3.746211455421159520e-01 2.739651285899554756e-01 1.026331303109622173e-01
