4.242661553458514367e-01 2.343455970618462114e-01 9.942490548765754721e-02
4.307477967723238876e-01 2.190970713335485820e-01 9.437558075619473241e-02
3.456191675358175064e-01 3.059498135678815345e-01 1.057421198730697787e-01
2.397399996038050152e-01 5.062160570083814592e-01 1.213602373066291068e-01
2.504317793515574708e-01 4.470524154665068695e-01 1.119561318686890516e-01
3.911099143978998827e-01 3.313242927674678873e-01 1.295842157822290897e-01
3.911219241266298829e-01 3.313525758853310688e-01 1.295992570445858305e-01
3.534672692201485389e-01 2.999741682809193843e-01 1.060310500988418808e-01
4.201186220983648134e-01 2.352004517588651700e-01 9.881208970984735329e-02
2.659537144580760293e-01 3.885257921607747633e-01 1.033298775879244874e-01
