4.008804213335837585e-01 1.475997213268354646e-01 5.916983847422135206e-02
4.361163727001626245e-01 1.163962885349631993e-01 5.076232715162967701e-02
4.352826690147196809e-01 1.165360294173531930e-01 5.072611392116338491e-02
4.354265379925654766e-01 1.165127775727454046e-01 5.073275537039835525e-02
2.915303732905167311e-01 3.037998834831527883e-01 8.856689343745902110e-02
4.353832126852029694e-01 1.165204773322512932e-01 5.073105976452893517e-02
2.954331071469147151e-04 9.914180920880250047e-01 2.928977274272312687e-04
4.364123148817539710e-01 1.163580890759646491e-01 5.078010300885905937e-02
4.362298888668109664e-01 1.163806128520162020e-01 5.076870181068637855e-02
4.354651951871015281e-01 1.165124260913733834e-01 5.073710636960265113e-02
