6.495891973094901628e-01 4.523198223065087731e-02 2.938220702992562494e-02
5.371135945015712357e-03 9.858498648252866925e-01 5.295133645351978932e-03
6.597073339347415688e-01 4.319972073353549324e-02 2.849917259184607879e-02
3.819192122354788093e-03 9.872267519482437192e-01 3.770408634018636903e-03
6.490795826061271923e-01 4.442599722989108019e-02 2.883600773883866417e-02
6.488100929656703819e-01 4.591596874305588910e-02 2.979074394879090842e-02
4.147004795978262610e-03 9.867682874149382721e-01 4.092132820429006043e-03
6.508245818078007838e-01 4.503149734251978009e-02 2.930760542612452849e-02
6.459136541245538154e-01 4.564060778249807993e-02 2.947989174925888523e-02
6.592554404662959167e-01 4.169366150762060519e-02 2.748677318185906854e-02
