3.301794527998055395e-01 3.424539305544400114e-01 1.130712513996076085e-01
3.803975602975502301e-01 2.955157682533025021e-01 1.124134772730125131e-01
3.811221156801087306e-01 2.947312943076307867e-01 1.123286144436610318e-01
3.149498253403912873e-01 3.646889774212352942e-01 1.148587297423839526e-01
3.811221156801087306e-01 2.947312943076307867e-01 1.123286144436610318e-01
3.179290589961140112e-01 3.629348335043568463e-01 1.153875300929514819e-01
2.627459678565285950e-01 4.590962106917526597e-01 1.206256782174693204e-01
3.134442680317802155e-01 3.540473646462108936e-01 1.109741170601123567e-01
2.395554412401262601e-01 4.992671517756288591e-01 1.196021628403118597e-01
3.431152761643319615e-01 3.276844276802366451e-01 1.124335328982554588e-01
