6.011373884632108533e-01 5.376961385381122394e-02 3.232292525075536327e-02
5.949473956437824063e-01 5.754747508036790055e-02 3.423772042494035300e-02
5.870984464186244089e-01 6.085994017849670479e-02 3.573077632792583114e-02
5.875970888565591466e-01 6.425716847086020145e-02 3.775732513164293397e-02
6.046856677008121128e-01 5.459805252574284617e-02 3.301465984669282178e-02
5.955424991500868348e-01 5.742178259519178235e-02 3.419711191239347553e-02
6.094526271441124132e-01 5.753102370572617252e-02 3.506243353974502347e-02
6.292015772170712617e-01 5.926205852297077720e-02 3.728778069178359522e-02
6.116348714935214703e-01 5.513591338941726400e-02 3.372304730061415762e-02
6.113788377025691778e-01 5.159297361554286698e-02 3.154285224268991300e-02
