6.216252475204004924e-01 5.064690846829827259e-02 3.148339701274897873e-02
6.300658942018787512e-01 4.801544985885005529e-02 3.025289735082183420e-02
6.380720529447968525e-01 4.555798402334824970e-02 2.906927639380407422e-02
9.012180519899121167e-02 8.340604764744089517e-01 7.516703578500447125e-02
6.365964705781295141e-01 4.606704247208647657e-02 2.932611664770303980e-02
6.342365051327110148e-01 4.667118273079531171e-02 2.960056782558975405e-02
6.381815721269911146e-01 4.609184282845544406e-02 2.941496471849387728e-02
6.276036396305061382e-01 4.904340911402869929e-02 3.077982205985234712e-02
6.286898451924668452e-01 4.868446051039983929e-02 3.060742594156204074e-02
6.487600721727867503e-01 4.278208004011038734e-02 2.775530533452395462e-02
