6.887917924392491509e-01 4.506493314172715925e-02 3.104035607484517331e-02
6.962687639335658485e-01 4.173167274651065628e-02 2.905646020009305247e-02
6.620794273015333520e-01 4.079604387815468497e-02 2.701022136701687962e-02
6.845347107071507731e-01 3.913468168697476629e-02 2.678904800720970439e-02
8.977282724429769267e-03 9.819872086213209395e-01 8.815576803567195738e-03
6.882354342053675911e-01 3.660655243536346803e-02 2.519392651011393217e-02
6.843218689284173983e-01 3.926433214941661004e-02 2.686944115871491706e-02
6.880919140501492448e-01 3.658862301186439903e-02 2.517633564069311075e-02
6.939216571037023495e-01 3.926167760895066250e-02 2.724452838707436958e-02
6.895707908642809691e-01 4.497953200036544641e-02 3.101657145419723510e-02
