2.404367601899768947e-01 4.823542584725153404e-01 1.159756951709702971e-01
3.442825392412454666e-01 3.043127212046951580e-01 1.047695563797656493e-01
3.431116614825319155e-01 3.091569243462712890e-01 1.060753459712785590e-01
4.224143221839348761e-01 2.284737542373423969e-01 9.651058603298590111e-02
2.559310859902168556e-01 4.209337168983020572e-01 1.077300232956809461e-01
3.433358455482548588e-01 3.246684642411790112e-01 1.114703216930985480e-01
3.486842750516019329e-01 3.061497929318827693e-01 1.067496186056515889e-01
3.331498437486871689e-01 3.826253395240856725e-01 1.274715720767375104e-01
3.468552466563560865e-01 3.029622902204732737e-01 1.050840599019967903e-01
3.379941888295135977e-01 3.310168788381487315e-01 1.118817814517774623e-01
