4.338284281933975084e-01 2.166049376676960625e-01 9.396937964730542325e-02
4.168125640412562172e-01 2.352078357769755712e-01 9.803758111279591014e-02
3.926429815327722173e-01 2.643390147665494738e-01 1.037908588933734860e-01
4.142318599934522450e-01 2.380208662266863895e-01 9.859582613433298670e-02
4.241257679944743786e-01 2.314241629278284695e-01 9.815295083424362133e-02
4.153290488651699142e-01 2.365215784036363011e-01 9.823428219447097320e-02
4.229677599072960703e-01 2.349520027614633855e-01 9.937712229374900952e-02
4.036957251562796611e-01 2.604605286075789561e-01 1.051468019708245161e-01
4.296778925913521952e-01 2.157027194053882657e-01 9.268268990033100285e-02
4.198342640091691780e-01 2.318508970602670416e-01 9.733895072716286512e-02
