6.975593728306306307e-01 3.337879970316597056e-02 2.328369458677969489e-02
7.083024472601268107e-01 3.175394568997934319e-02 2.249139744237752328e-02
7.073968124112950395e-01 3.210089907316790447e-02 2.270807367989566977e-02
0.000000000000000000e+00 9.916666666666669183e-01 0.000000000000000000e+00
7.581845173808574589e-01 2.421071129804190300e-02 1.835618646095317497e-02
5.549111658079369791e-01 8.559733471879357736e-02 4.749891679885794027e-02
7.016921040396043585e-01 3.236701184575754842e-02 2.271167664352441093e-02
7.954599858956791225e-01 2.085936832811584665e-02 1.659279283607580785e-02
7.981966076181312708e-01 1.970480431850111028e-02 1.572830796080668808e-02
7.553328763599304052e-01 2.498002704112624317e-02 1.886823567652272729e-02
