6.305667196087958448e-01 4.817897430711565177e-02 3.038005778295437345e-02
6.388326213500721273e-01 4.534165235166878749e-02 2.896572662816023283e-02
6.290166402882350072e-01 4.827623746587033499e-02 3.036655669653877399e-02
6.418961124442856825e-01 4.477992209560101994e-02 2.874405790872426592e-02
6.237246651342903681e-01 5.016660207763930929e-02 3.129014708180077181e-02
6.355711679572745298e-01 4.703829140470469627e-02 2.989618180680279208e-02
6.287333692579034627e-01 4.871791602168365487e-02 3.063057948353676077e-02
6.460312425495892130e-01 4.378549177462014164e-02 2.828679565680266780e-02
6.393162971804312589e-01 4.524701832839050919e-02 2.892715621616172642e-02
4.271823109012551356e-01 1.870880049536766399e-01 7.992068629801706015e-02
