2.868583940233564444e-01 3.452436632473133704e-01 9.903604278586480847e-02
2.864876720693245171e-01 3.450819979499129553e-01 9.886173826570197887e-02
2.770532372586428371e-01 3.762442714766172092e-01 1.042396934126164493e-01
2.868629782551816443e-01 3.452568426840191274e-01 9.904140615531845104e-02
3.684331710612158139e-01 2.179896739836799102e-01 8.031462684440780764e-02
2.864726878080981476e-01 3.450831192039277018e-01 9.885688867555149362e-02
3.711878937152613966e-01 2.102948549077429119e-01 7.805890425236158836e-02
2.852471700529162213e-01 3.452164977944006119e-01 9.847202905143156992e-02
2.857319709705687383e-01 3.452052715098494207e-01 9.863618261793959119e-02
2.769298609599407102e-01 3.760615338376371297e-01 1.041426682780388913e-01
