3.821295547627979738e-01 2.707081860680106145e-01 1.034455986128135635e-01
3.849296823126311384e-01 2.683360242013114738e-01 1.032905005488453237e-01
3.756614395792535199e-01 2.790828368708132556e-01 1.048406602607516863e-01
3.779408101452685353e-01 2.748102350023741147e-01 1.038620028530089084e-01
2.666695135583738718e-01 5.441864335069618308e-01 1.451179315083678811e-01
2.630005388429863533e-01 5.540691998611817493e-01 1.457204981197930960e-01
3.772240184539417118e-01 2.757463608738295879e-01 1.040181503228767568e-01
3.202316873798103369e-01 4.222148503555685495e-01 1.352065739661778287e-01
3.757107814192713335e-01 2.784996923734021079e-01 1.046353370466375915e-01
3.510451093707716574e-01 3.050487020612396849e-01 1.070858549784998170e-01
