6.436684185552371540e-01 5.678010739703817644e-02 3.654756193364808864e-02
6.619842044557762151e-01 4.175249328387713177e-02 2.763949105057254135e-02
6.394851061612903953e-01 4.663825154396629424e-02 2.982446723977025260e-02
1.922042294067141319e-02 9.671980036938984115e-01 1.858995469836979830e-02
6.400555910037905027e-01 4.640667731124924200e-02 2.970285327297382885e-02
6.748607770386861882e-01 3.948924687172757769e-02 2.664974382852658072e-02
6.619573060362017314e-01 4.175874121894358748e-02 2.764250384075479100e-02
6.684338449287180461e-01 4.077141371350324200e-02 2.725299283169643413e-02
6.574223414523324704e-01 4.291469949023937747e-02 2.821308222159639098e-02
6.395011200890156067e-01 4.668569296557044390e-02 2.985555294361417686e-02
