2.783728799191985681e-01 5.068132229069717276e-01 1.410830564417444588e-01
3.859456607124047700e-01 2.650388433871539995e-01 1.022905915255067216e-01
3.997306423215309379e-01 2.477475348842900493e-01 9.903228125287315275e-02
3.705885243205880863e-01 2.801849773544647926e-01 1.038333372945885041e-01
1.767014333602815734e-01 7.097278798224163632e-01 1.254099336603746451e-01
2.783708993733736148e-01 5.067983865380227826e-01 1.410779226615640480e-01
3.805615973504515304e-01 2.678242946799362922e-01 1.019236413926545987e-01
3.878831755362494027e-01 2.659358533035024452e-01 1.031520432683047106e-01
3.864966481668608012e-01 2.637058616507147457e-01 1.019214316299551643e-01
3.744593950745813693e-01 2.762554495827282408e-01 1.034464485368049302e-01
