3.574833859487486221e-01 2.883768480299874204e-01 1.030899320629876242e-01
3.633886711047065732e-01 2.861160401759702543e-01 1.039713276212866633e-01
3.524754786168941001e-01 3.225556728318120792e-01 1.136929651619872639e-01
3.639048351117498692e-01 3.048098439485659172e-01 1.109217760025410920e-01
3.575029989426798394e-01 2.883601077090214293e-01 1.030896032814093283e-01
3.704031032244648469e-01 2.961920018153417766e-01 1.097104366226689248e-01
3.420034576760443423e-01 3.367407336627480374e-01 1.151664952530277730e-01
3.704031032244648469e-01 2.961920018153417766e-01 1.097104366226689248e-01
3.677117051163129591e-01 2.926226836147468591e-01 1.076007859476899448e-01
3.556109879192445589e-01 2.968913626108843351e-01 1.055778307627472518e-01
