3.329849377046321668e-01 3.224982322514196587e-01 1.073870537760929778e-01
3.380860996022749809e-01 3.098795713503500471e-01 1.047659756242647205e-01
3.819840472756995120e-01 2.731904631363537006e-01 1.043543987859471833e-01
3.271749944099626717e-01 3.308259792083507733e-01 1.082379878981625937e-01
4.082742400947636519e-01 2.490732457652615750e-01 1.016901901427484795e-01
4.056062498442354336e-01 2.537178918734551702e-01 1.029095626411773712e-01
3.589329485324794788e-01 3.013662725693452282e-01 1.081702848015579782e-01
3.056762103797184826e-01 3.742299705160646028e-01 1.143931991978644064e-01
7.440782900252723708e-02 8.578482074669340207e-01 6.383062273132412978e-02
3.220724600227856671e-01 3.812691267684527596e-01 1.227962855890549071e-01
