5.537686276034180510e-01 7.841186635346132638e-02 4.342203161837891040e-02
2.734569395638450917e-01 4.458842576584287620e-01 1.219301444989708827e-01
2.734569395638450917e-01 4.458842576584287620e-01 1.219301444989708827e-01
5.452309055549083849e-01 7.841801265714670732e-02 4.275592405287236691e-02
5.603721523188903708e-01 7.629043957763634309e-02 4.275103782747433773e-02
5.559085155038292481e-01 7.849946097350954388e-02 4.363851881763446822e-02
5.725223375984574981e-01 7.722405442189672620e-02 4.421249615645481135e-02
5.484698652753140502e-01 7.878267801503896495e-02 4.320992479693686744e-02
5.560078138705445427e-01 7.819860886003161815e-02 4.347903755998397402e-02
2.734569395638450917e-01 4.458842576584287620e-01 1.219301444989708827e-01
