3.132144784032685463e-03 9.886159723213040484e-01 3.096488361117574317e-03
5.128643886672565877e-01 1.352691469657209267e-01 6.937472836411574806e-02
5.126386606493434916e-01 1.347409692212636068e-01 6.907342999618298895e-02
1.574150876325677677e-03 9.901898529369170809e-01 1.558708224729441882e-03
5.079676126882138876e-01 1.359742425709643265e-01 6.907051138586085826e-02
5.344670500532235913e-01 1.309722418701277924e-01 7.000034775118449404e-02
5.100441997270841465e-01 1.356461700793183678e-01 6.918554226414988517e-02
5.132119618985183651e-01 1.347242092966929872e-01 6.914207576838241054e-02
2.527727323284285638e-03 9.892059992808920343e-01 2.500443032739046046e-03
5.266970516038965711e-01 1.318294380354037565e-01 6.943417632784573690e-02
