5.619693560841417801e-01 1.087042181022124104e-01 6.108843945053041985e-02
3.028425496250369275e-01 3.962599688767238781e-01 1.200043792889648464e-01
5.451734146222129151e-01 1.156152429604731247e-01 6.303035678713789225e-02
5.618977898309980290e-01 1.087467987082239018e-01 6.110458584534744081e-02
5.596131313892335202e-01 1.031171253184446635e-01 5.770569739931083464e-02
5.585796410054396643e-01 1.097936587067576686e-01 6.132850246509446296e-02
5.865673668352837655e-01 6.825799826153255978e-02 4.003791430571453092e-02
5.610134712115362188e-01 1.099113788879919201e-01 6.166176419559870475e-02
5.547685597858642570e-01 1.043804796101174270e-01 5.790700834306261591e-02
5.740273500464384560e-01 9.496878396089200591e-02 5.451467939420354819e-02
