3.545490695156479632e-01 3.058603133743225677e-01 1.084424895086305574e-01
3.457993317099281594e-01 3.240431612128292227e-01 1.120539085925688627e-01
3.918305766410946633e-01 2.644509059076127766e-01 1.036199509550397857e-01
3.409186078000851494e-01 3.912923509492989282e-01 1.333988435284573226e-01
3.141678743769900084e-01 3.402601252319059078e-01 1.068988002793563041e-01
3.310229468441963641e-01 3.237252239473609183e-01 1.071604775988528185e-01
3.510038372419908015e-01 3.037148324764599727e-01 1.066050716265458526e-01
3.796608851764843306e-01 2.740176482074203612e-01 1.040337828724076930e-01
4.080630716096659838e-01 2.559844087747841224e-01 1.044577841288227421e-01
3.841575011490150349e-01 2.796039961815914854e-01 1.074119724843989321e-01
