5.848701150276747196e-02 9.018141600874379771e-01 5.274441515439257100e-02
5.766458024147627093e-01 6.831125234638676935e-02 3.939139692323954250e-02
5.890718364812767005e-01 6.711118629578746719e-02 3.953330975969661376e-02
5.798020645354191593e-01 6.849201637517519925e-02 3.971181249852031442e-02
5.839138573162747647e-01 6.880211964313770467e-02 4.017451107236037766e-02
5.796052016902594195e-01 6.782264607911966947e-02 3.931035845985524080e-02
5.939762147606145737e-01 6.529078725866606370e-02 3.878117467464303053e-02
5.900199921825209914e-01 6.526413402501260452e-02 3.850714384723694095e-02
5.830772278518937535e-01 6.967590603012430162e-02 4.062643413611392862e-02
6.020928028188903686e-02 9.050792026717848771e-01 5.449416739097414503e-02
