2.573139531252125467e-01 3.990368934814852442e-01 1.026777605045253311e-01
3.993099570285260080e-01 2.619734398710930057e-01 1.046086030175412962e-01
3.410330719667381549e-01 3.381848933136910595e-01 1.153322330595116657e-01
3.630896536941273234e-01 2.995219531998569162e-01 1.087533222611246631e-01
3.511633139036227091e-01 3.273891598087814159e-01 1.149670622945744014e-01
4.256747656944991354e-01 2.574203398753974747e-01 1.095773428614581491e-01
3.665482101841581741e-01 2.946964348725187866e-01 1.080204507501740935e-01
3.030011164407164781e-01 3.866196323623692921e-01 1.171461802436972593e-01
3.429940636251257446e-01 3.437841291091927598e-01 1.179159154529869080e-01
3.259639917821504640e-01 3.331448013683114828e-01 1.085932092954864370e-01
