5.795942748405136236e-01 6.844370688097448086e-02 3.966958065707507780e-02
5.885426310134249661e-01 6.653538857508192739e-02 3.915891264747929645e-02
5.879851315220431252e-01 6.468541090940249649e-02 3.803405984112243066e-02
1.520277375461258629e-01 7.436192420603272568e-01 1.130507509661964755e-01
5.752686603686034683e-01 6.782877493915132061e-02 3.901976849368908595e-02
5.823418569457556870e-01 6.594083401453909588e-02 3.840010772857854748e-02
5.896067629842965951e-01 6.649067928158226837e-02 3.920335417984075616e-02
5.798964330445730564e-01 6.854921381404247005e-02 3.975144457877299864e-02
5.947146235742480913e-01 6.372491105535853240e-02 3.789813649058999118e-02
4.501136716366195556e-02 9.261533120451602707e-01 4.168742677830629406e-02
