6.777060265850386456e-01 4.216574188583137317e-02 2.857597739145711566e-02
6.599802025834412555e-01 4.420825525191167393e-02 2.917657325701714793e-02
6.845399355064197833e-01 4.017787908832629040e-02 2.750336275990761248e-02
6.668256326450470173e-01 4.373520836546321983e-02 2.916375798716296444e-02
6.695612722449760801e-01 4.102556711145353974e-02 2.746913090971648055e-02
1.044991471151520412e-01 8.388689110851015318e-01 8.766108574980942258e-02
6.654586247551834699e-01 4.174921490893658549e-02 2.778237513790954294e-02
6.475246763547464202e-01 4.382314300524274564e-02 2.837656649131757927e-02
6.687813477866116907e-01 4.236830563461376625e-02 2.833513254575208834e-02
6.764418332313257842e-01 4.287552295394395085e-02 2.900279734771763623e-02
