3.410539582583672069e-01 3.222596100991096946e-01 1.099079156110994437e-01
3.525747338035568057e-01 3.002329176585598058e-01 1.058545410225319172e-01
3.404722744329036210e-01 3.324552593528807831e-01 1.131917982990561788e-01
2.547309289077520633e-01 4.066293476798087947e-01 1.035810714556309742e-01
3.425335413311033084e-01 3.214045022491869852e-01 1.100918223551745762e-01
2.553665866864131551e-01 4.051434704706160517e-01 1.034601051723688381e-01
3.562609043676850384e-01 2.978120182539149008e-01 1.060987789547052501e-01
3.424014058344295175e-01 3.123627871848222992e-01 1.069534574624438766e-01
3.135880690663128689e-01 3.544273375508465440e-01 1.111441844068842555e-01
3.518861795079147314e-01 3.035119108684948275e-01 1.068016467506613804e-01
