5.864174386377246639e-01 8.790387488283535333e-02 5.154836515512332962e-02
6.077058600862513815e-01 6.182137539264714876e-02 3.756921210470365313e-02
5.170050939757954156e-01 1.506211446745686078e-01 7.787189905721722538e-02
3.836254923029415731e-01 3.231208902033106400e-01 1.239574105776097696e-01
5.581782029048600879e-01 8.052510926691208715e-02 4.494736077932248719e-02
4.138369416463913431e-01 2.586040102954931807e-01 1.070198927181787996e-01
3.841851165090088283e-01 3.227776250553356374e-01 1.240063594883852871e-01
6.096365647825487954e-01 6.554100204877835734e-02 3.995619134142323198e-02
6.212326909753163040e-01 7.856360858562579097e-02 4.880628197437977128e-02
6.553636887760649898e-01 4.082462173216005324e-02 2.675497469127591926e-02
