6.523249947346354549e-01 4.358896763680981945e-02 2.843417308417016051e-02
6.743326148919219776e-01 4.241746800502681214e-02 2.860348211692416778e-02
6.673251242576345721e-01 4.110783368787528091e-02 2.743229022372354817e-02
6.447977309598840190e-01 4.448188552380156341e-02 2.868181885456455929e-02
6.675004399320276782e-01 3.944301697953959962e-02 2.632823118608912036e-02
6.621424747539965683e-01 4.070936157065419697e-02 2.695539741604821571e-02
6.602712764884023366e-01 4.081252413077667007e-02 2.694733740454163459e-02
6.602371958530003360e-01 4.210778642095269753e-02 2.780112683014685296e-02
6.793313356359730326e-01 3.932743445289168388e-02 2.671635857401908828e-02
6.741715554622104145e-01 4.247384189013666406e-02 2.863465605352942533e-02
