4.582891312350201307e-01 1.717539436692448185e-01 7.871296563036679628e-02
5.033369194275614245e-01 1.974047681855202463e-01 9.936110789881164029e-02
5.025185581515779765e-01 1.950246158407577535e-01 9.800348875636298585e-02
4.580851411391936301e-01 1.718046492458246699e-01 7.870115699814325683e-02
4.603548650475077775e-01 1.720247661840314524e-01 7.919243802147887812e-02
4.577632462640966460e-01 1.738822883893016702e-01 7.959692080091657074e-02
4.605822687465003784e-01 1.711386586780856423e-01 7.882343168418563806e-02
4.601726117003006045e-01 1.720651263023716404e-01 7.917965855310445111e-02
4.674663293698035904e-01 1.748185766675556807e-01 8.172179834043584445e-02
4.706675447151589253e-01 1.708170588594837835e-01 8.039804568885801361e-02
