5.921225634269198235e-01 7.345593951348805550e-02 4.349491920365931852e-02
1.560721089418540541e-01 7.671069717902646579e-01 1.197240028713059540e-01
6.004076550585348837e-01 6.966748967928000635e-02 4.182889411215118952e-02
5.788741330411951713e-01 9.139345914694772810e-02 5.290530942932525349e-02
5.897460350964018883e-01 5.495450944519437997e-02 3.240920405597115528e-02
1.515020934028667721e-01 7.732580316693198341e-01 1.171502105384822079e-01
5.965184000068056713e-01 7.246728026977229675e-02 4.322806607936932610e-02
1.515498635154445828e-01 7.661586794372899911e-01 1.161112432998945565e-01
1.487344177721751093e-01 7.748747243251935535e-01 1.152505409688823618e-01
5.552369792605837961e-01 6.855547543991864778e-02 3.806453509503357480e-02
