5.520011155252371182e-01 6.815102607345453756e-02 3.761944241673642608e-02
5.318270977463388505e-01 7.640925618428413835e-02 4.063651295744432485e-02
2.494644584611672294e-02 9.636502246780513925e-01 2.403964814452922219e-02
3.911070339890171943e-01 2.622717545865491662e-01 1.025763280354406587e-01
2.702426356867298693e-02 9.610954275392005197e-01 2.597289614846580441e-02
5.293924601980437572e-01 9.702824667679281478e-02 5.136602221693001291e-02
5.482895539724677025e-01 8.021403160499096519e-02 4.398051561103392265e-02
2.407523316593545432e-02 9.647697066009275346e-01 2.322705563784846841e-02
4.075974499954761465e-01 2.189075697675216814e-01 8.922616722194862127e-02
2.407523316593545432e-02 9.647697066009275346e-01 2.322705563784846841e-02
