2.095834649508991274e-02 9.641515363557128238e-01 2.020702197271630890e-02
2.448242189747409092e-01 4.596778313894724355e-01 1.125402660499302265e-01
4.045352366707690162e-01 1.746810833093672688e-01 7.066465337846120076e-02
4.048193135317001978e-01 1.727678603294051651e-01 6.993976661889045321e-02
4.107783584487820772e-01 1.605450233102966306e-01 6.594842113252510907e-02
2.432375030053327836e-01 4.616138394820751834e-01 1.122817976683244678e-01
4.116365971270099511e-01 1.600112352656610781e-01 6.586648038684612960e-02
4.047879877993730835e-01 1.732011120915215585e-01 7.010972964814067565e-02
4.086509345499407808e-01 1.607796373223100705e-01 6.570274904836255481e-02
4.091518585153713361e-01 1.606618503979887758e-01 6.573509468285565482e-02
