5.828792328090430797e-01 5.773994294020334123e-02 3.365541364342364977e-02
1.489707953790546380e-01 7.166012385715876398e-01 1.067526564796251048e-01
5.757441336497217677e-01 6.023148626544166939e-02 3.467792487833182974e-02
6.184774029184294530e-01 5.747782597354059164e-02 3.554873653351283552e-02
5.881220080154131447e-01 6.018247601876913072e-02 3.539463864349794847e-02
6.084821960629638316e-01 5.558508293887337581e-02 3.382253333498765752e-02
5.879921291263326966e-01 5.836674747927475537e-02 3.431918812051777679e-02
6.084862502183400190e-01 5.554824089995875902e-02 3.380034081144093344e-02
6.186757498023129909e-01 5.729395444429588591e-02 3.544638022496431756e-02
5.830750841059920697e-01 5.771995293801623905e-02 3.365506641392772280e-02
