3.199287568016415118e-01 3.849285644695042419e-01 1.231497170881690056e-01
3.272201968574854902e-01 3.871011009396264635e-01 1.266672984532139223e-01
3.554279411936981936e-01 3.038101006856401831e-01 1.079825986005472499e-01
3.604429847285811062e-01 2.998495623795893184e-01 1.080786712336580385e-01
3.280433334810657908e-01 3.337676572137848741e-01 1.094902548805756909e-01
3.608527713699271056e-01 2.981996340327280892e-01 1.076061643622079622e-01
3.762174013911043224e-01 2.824116705776274494e-01 1.062481848272355950e-01
3.743526759612301191e-01 2.823110501617508428e-01 1.056838970814764911e-01
3.598312472243901383e-01 2.954091614778227015e-01 1.062974470160762130e-01
3.707780259588350225e-01 2.870048336457358129e-01 1.064150856598097550e-01
