3.652731461762734333e-01 3.055200894225517660e-01 1.115982842834318811e-01
3.704194656303430033e-01 2.860784243677609862e-01 1.059690170826765171e-01
3.599513914161757699e-01 2.956760587860939316e-01 1.064290087685054870e-01
2.807290606100069641e-01 4.290700932703609971e-01 1.204524442196365092e-01
3.682735640129458643e-01 2.939412416871612366e-01 1.082507886865215624e-01
3.942120850364077000e-01 2.635224842050952199e-01 1.038837479524643975e-01
3.304946254801365835e-01 3.323582667562420268e-01 1.098426208968315415e-01
3.519002838262106914e-01 3.383012197557627165e-01 1.190482952508061798e-01
3.690356576281059731e-01 2.829070088735219368e-01 1.044027740672405780e-01
3.506123474930826767e-01 3.030106546049080585e-01 1.062392769264424719e-01
