6.994716975692145677e-01 3.122931525918250933e-02 2.184402215826456578e-02
6.230545289411750787e-01 7.777590454095420491e-02 4.845862956673802069e-02
6.994475220082086997e-01 3.123398950255009202e-02 2.184653655998906527e-02
6.009015131904258400e-01 7.111319962636701575e-02 4.273202926329676410e-02
6.727422393192021843e-01 4.119210002201227627e-02 2.771166561106909801e-02
6.223667488611077658e-01 7.827679133776557774e-02 4.871687213616448381e-02
5.004874586275570580e-01 1.836372334812330365e-01 9.190813229441766041e-02
6.480290256432444940e-01 4.661362043953311274e-02 3.020697903513466787e-02
4.579522429563142594e-01 2.415161352202430667e-01 1.106028558342507934e-01
6.622635028365919663e-01 3.891735707642357545e-02 2.577354521857470535e-02
