3.478537067074665146e-01 3.329014055615424073e-01 1.158009878927081376e-01
3.507351823973130500e-01 3.053679383664825719e-01 1.071032795612597149e-01
3.787464859639643744e-01 2.785649507188491247e-01 1.055054961974890154e-01
3.797929807393702895e-01 2.764326969671817569e-01 1.049871979549890505e-01
4.263781650302617132e-01 2.621110654811090179e-01 1.117584351339620391e-01
3.983385254379543383e-01 2.638720306697786011e-01 1.051103956013182683e-01
3.301652499012842079e-01 3.482244336679048979e-01 1.149716071636969900e-01
4.259770484048824857e-01 2.627034399864360270e-01 1.119056359712311960e-01
3.478537067074665146e-01 3.329014055615424073e-01 1.158009878927081376e-01
3.976321986082109183e-01 2.634692691965035416e-01 1.047638647763042830e-01
