3.451988952668281763e-01 3.153267380806236142e-01 1.088504416335237535e-01
3.399831218986582027e-01 3.268866728143107192e-01 1.111359515304746054e-01
3.337069547002509684e-01 3.263707400226996680e-01 1.089121857562424245e-01
3.584715277857419280e-01 3.021850421477509929e-01 1.083247337327031129e-01
3.657491633914571327e-01 2.902524131994927981e-01 1.061595773000660187e-01
3.278379158215095068e-01 3.708878747743306059e-01 1.215911078694855568e-01
3.610465411524438895e-01 2.976759799164015452e-01 1.074748829329811306e-01
3.288060796062169944e-01 3.701148388949726531e-01 1.216960091811425532e-01
3.281040329505472974e-01 3.388822395805247134e-01 1.111886295016837473e-01
3.499301274125202754e-01 3.084299373412187073e-01 1.079289272716483089e-01
