5.981970407362483533e-01 5.827856226437498621e-02 3.486206348491231038e-02
6.005125939638922272e-01 5.851533452154783488e-02 3.513919532019958020e-02
5.990490619887324231e-01 5.862512253239600402e-02 3.511932466200632513e-02
5.838103403755139365e-01 6.138843327059971544e-02 3.583920212282834528e-02
5.972364520620900841e-01 5.839504165199484870e-02 3.487564749425537541e-02
5.990530084750420592e-01 5.862168400869277596e-02 3.511749616728067347e-02
2.145276151753881810e-01 5.846244642660963775e-01 1.254180920921945941e-01
5.767787474207474174e-01 6.357306410035945543e-02 3.666759228150421462e-02
6.069533929708470499e-01 5.538963207957732504e-02 3.361892512610633460e-02
1.650888855171121945e-03 9.902431660796724433e-01 1.634781406790297709e-03
