6.669980669575376053e-01 3.961825116125679280e-02 2.642529694079650063e-02
6.821580154394323303e-01 3.808906317285682547e-02 2.598275974394317900e-02
6.614246094627542760e-01 4.357959458462297431e-02 2.882461632867941090e-02
6.801867061565515238e-01 3.710422034725494728e-02 2.523779742250624111e-02
6.640204590960939735e-01 4.084770467495800472e-02 2.712371161128727948e-02
6.736440924455209256e-01 3.856962853238005140e-02 2.598220240865602854e-02
6.800639534637091810e-01 3.713350918998173378e-02 2.525316106571995345e-02
6.792728279533247759e-01 3.653026798474390269e-02 2.481401843988979491e-02
6.487140578566169546e-01 4.450638254378733172e-02 2.887191602049918315e-02
6.424338544724599309e-01 4.679188930308969541e-02 3.006069380303258085e-02
