5.856257845104072546e-01 7.088606344685907668e-02 4.151270651692134939e-02
5.710027179291985444e-01 7.275304630668751049e-02 4.154218717874740702e-02
5.527376179656531274e-01 7.746500348789631119e-02 4.281782150360081973e-02
5.481373943178262653e-01 1.526639856893434732e-01 8.368083932193065566e-02
5.699212996374536377e-01 8.399067757497752362e-02 4.786807612096152104e-02
5.961431346403610609e-01 6.957531728574821439e-02 4.147684774032363991e-02
6.168607579165260590e-01 9.327896956655234995e-02 5.754013586449605033e-02
6.369064116704771239e-01 6.731288031356771895e-02 4.287200505971871384e-02
5.665274068975849620e-01 1.289333897315185773e-01 7.304429894711292337e-02
5.851606655267557189e-01 6.830107081039601957e-02 3.996710005160140217e-02
