4.122330446407526106e-01 2.687308246492616792e-01 1.107797260339853512e-01
2.207855437706598423e-01 5.617943141481394065e-01 1.240360631364618577e-01
2.221944533987219028e-01 5.583276938642159903e-01 1.240573167555284045e-01
3.623696968702883048e-01 2.811595897786797194e-01 1.018837153202747786e-01
2.165232265601934325e-01 5.616462647297587596e-01 1.216094614247679312e-01
3.291591824953130074e-01 3.320205038600405612e-01 1.092875976222528744e-01
3.637724215452762255e-01 2.824447747638590966e-01 1.027456196686591522e-01
4.818318502497090372e-01 1.829259156140734532e-01 8.813953237895115478e-02
3.639870049295185206e-01 2.807704354906765953e-01 1.021967898870079633e-01
3.610738046555621583e-01 2.908918513303552222e-01 1.050334275031515052e-01
