3.607533868220713646e-01 2.994924216716788878e-01 1.080429054456020777e-01
4.151518500247162735e-01 2.409173887390907987e-01 1.000172996381572948e-01
3.000625976318154198e-01 3.554318652796935041e-01 1.066518087769462997e-01
3.442899811662196163e-01 3.129132406409484979e-01 1.077328937269328990e-01
3.344151672679294696e-01 4.279577655850955176e-01 1.431155677617490796e-01
4.041773229019491320e-01 2.466783905303316371e-01 9.970181150231095801e-02
3.925169899541160468e-01 2.606143058932957612e-01 1.022955428882176970e-01
3.228577545657211334e-01 3.424396823442488191e-01 1.105593069158629926e-01
3.811470062129845293e-01 2.839463324557617296e-01 1.082252945406703831e-01
3.911208383264982436e-01 2.674137873278699118e-01 1.045911046797403932e-01
