5.766297692434412259e-01 6.507738613599178823e-02 3.752555815056326377e-02
5.826416874691475734e-01 6.296557417832299164e-02 3.668636839172189495e-02
5.749674144198284598e-01 7.409745253552654787e-02 4.260362069944766128e-02
5.659236808904607452e-01 7.107719412601501419e-02 4.022426732716025133e-02
1.294219864198305377e-02 9.756993509631727290e-01 1.262769481501932120e-02
5.862676504049512127e-01 6.942934776489859128e-02 4.070418058327535116e-02
1.283312551236818165e-02 9.757573415868279199e-01 1.252201643419847618e-02
1.320228628677258369e-02 9.754688080324560584e-01 1.287841846746129275e-02
5.749342715386545066e-01 7.409589253800627495e-02 4.260026800034506095e-02
5.871659331446366092e-01 6.792932893452723053e-02 3.988578781173064691e-02
