6.005639544683224473e-01 5.284592530631371243e-02 3.173735787949735765e-02
5.503554671662086450e-01 7.538236690448807398e-02 4.148709775381408116e-02
5.655182895543254817e-01 6.290523506494161143e-02 3.557406093793855778e-02
4.706924304933759041e-04 9.912458650478488398e-01 4.665719254358808568e-04
5.726172461192499119e-01 6.292989707944374178e-02 3.603474436419890070e-02
5.866953378543026121e-01 5.786815206066114881e-02 3.395097502423374825e-02
5.945719446959071286e-01 5.789881660038875832e-02 3.442501198168481519e-02
5.869313850299321400e-01 5.782765961590250609e-02 3.394086835140112945e-02
5.687645248707393630e-01 6.561361134743970425e-02 3.731869448307989501e-02
5.762691947964209138e-01 6.549821526003153649e-02 3.774460376850102133e-02
