3.096115973037853464e-01 3.591492697863193362e-01 1.111967790890304592e-01
8.375009148650750662e-03 9.817284398523886679e-01 8.221984665254382721e-03
3.079410319410795238e-01 3.664784629600580379e-01 1.128537560681009549e-01
3.143988311298407390e-01 3.280775409981357416e-01 1.031471954097662874e-01
3.130178839659129020e-01 3.507488991579841842e-01 1.097906782178055818e-01
1.038763251862104449e-02 9.796715699846593184e-01 1.017646825794117985e-02
3.404537197296602646e-01 3.210796287078128142e-01 1.093127539229930834e-01
3.185490813509506136e-01 3.267989725507494114e-01 1.041015124924757479e-01
3.060474830930449697e-01 3.599880175659540549e-01 1.101734267197150979e-01
3.095535124765723678e-01 3.677089213417168989e-01 1.138255881703001265e-01
