1.273244958743095095e-03 9.903615310202580346e-01 1.260972826704637000e-03
5.642169940267278694e-01 6.983082006180989232e-02 3.939973538569570277e-02
5.657484415909889153e-01 6.913276904279921919e-02 3.911175634883341801e-02
5.805360857837014166e-01 6.432484318940714929e-02 3.734289268382880861e-02
5.845910339117134091e-01 6.289320921362301364e-02 3.676680620021757773e-02
5.575157606414369305e-01 7.155064583848888549e-02 3.989061273903119625e-02
7.768624092403950609e-04 9.909414088765909900e-01 7.698251303159399199e-04
5.404613770799573391e-01 7.793254391597792541e-02 4.211953000417367754e-02
5.556509800754177997e-01 7.368397243590983636e-02 4.094257149986336997e-02
0.000000000000000000e+00 9.916666666666669183e-01 0.000000000000000000e+00
