5.660363069761252808e-01 7.783467772111986316e-02 4.405725353193958027e-02
5.504876346190572534e-01 7.953326086846596032e-02 4.378207664902225571e-02
5.602129421442219037e-01 7.718875282420652184e-02 4.324213832009185521e-02
5.594230688503618598e-01 7.952223967411259364e-02 4.448657536034606591e-02
5.789658433103637147e-01 7.349918026995251596e-02 4.255351488761350415e-02
5.509133286807121888e-01 7.937395565917393370e-02 4.372817012275076465e-02
5.668055828226858939e-01 7.528884482534942135e-02 4.267413757127893476e-02
5.736961239545046443e-01 7.545282084377230580e-02 4.328699085950582504e-02
5.568406450133114305e-01 7.761625470939681470e-02 4.321988533589799647e-02
2.480515984908502058e-01 5.386570971735252789e-01 1.336147539923341621e-01
