2.708149371002683842e-03 9.890062424439600708e-01 2.678376633392338252e-03
6.253395481256418531e-01 4.737791914635434976e-02 2.962728655011442544e-02
6.363552632863493930e-01 4.509097929508777691e-02 2.869388200116491233e-02
6.300571568159953895e-01 4.632423856549317681e-02 2.918691804224051584e-02
6.043494818749107766e-01 5.488969356315677450e-02 3.317255786516642296e-02
5.902128746527126602e-01 5.713254449056082152e-02 3.372036331999790637e-02
6.266819572668536065e-01 4.820119857731008928e-02 3.020682146703696641e-02
6.218107525018853332e-01 5.090128675059247404e-02 3.165096741770015432e-02
6.297640979938865513e-01 4.708634379691675059e-02 2.965328882909531311e-02
6.221023090723661886e-01 4.925800130593858267e-02 3.064351635271402030e-02
