4.427303701540100112e-01 1.997319755302286448e-01 8.842741145808979963e-02
5.300462130627229262e-01 1.600011700389069036e-01 8.480801426472740767e-02
4.383610396548576760e-01 2.060066506537538422e-01 9.030528955639459399e-02
4.532279533402050475e-01 2.023101821514949605e-01 9.169262979640614708e-02
4.369676421455941373e-01 2.091058946311357691e-01 9.137250973571245383e-02
5.281904729597154402e-01 1.608728291291353918e-01 8.497149570408550623e-02
4.600745545234413147e-01 2.617814976141883965e-01 1.204390058973270478e-01
4.282875334139927270e-01 2.976405792763215929e-01 1.274757495421677267e-01
5.633622362744096224e-01 1.423394946104317160e-01 8.018869599390208991e-02
4.369015006606294937e-01 2.091193769968852367e-01 9.136456962715508445e-02
