6.424927885597729871e-01 5.064227867064326205e-02 3.253729884212270412e-02
6.174851843395358086e-01 5.655126779265040593e-02 3.491957001757919204e-02
6.465471669164215562e-01 5.012090753579163949e-02 3.240553077054601078e-02
4.120739032793326734e-02 9.316440594634999295e-01 3.839062040501271117e-02
6.390518843334702659e-01 5.338895784637952280e-02 3.411831411432904998e-02
6.448273762484715288e-01 6.957700574107722469e-02 4.486515805924366773e-02
6.497556065399807679e-01 4.938047989617476430e-02 3.208524366617435813e-02
6.223589370163861156e-01 5.607010388773461113e-02 3.489573025396885270e-02
6.153969748722963873e-01 5.505225076060103750e-02 3.387898857798495728e-02
6.378517326202661764e-01 6.137842602816768328e-02 3.915033538757160120e-02
