3.324928607663642510e-01 3.390646182704389888e-01 1.127365649133935110e-01
2.967696642977049049e-01 3.933328809280974281e-01 1.167292670302806090e-01
3.665118870384665994e-01 2.768449661342795576e-01 1.014669709549751858e-01
2.958717319773569443e-01 4.002917056353127445e-01 1.184350002424903181e-01
3.085610529117930323e-01 3.427902936865021566e-01 1.057717339478498608e-01
3.652611961049325173e-01 2.855965441472950173e-01 1.043173353186761382e-01
4.327012283273629079e-01 2.263158854036699807e-01 9.792716160416270466e-02
3.704790814005634592e-01 2.764092901951505921e-01 1.024038599220811613e-01
4.421142656485960165e-01 2.222593303009332555e-01 9.826402059954585100e-02
3.287407351950372147e-01 3.687939212715402038e-01 1.212375848142668022e-01
