4.042718871734024000e-01 2.580294235961672622e-01 1.043140420234877908e-01
4.283243497964091540e-01 2.168910488328945618e-01 9.289971746801078956e-02
2.725483340244061557e-03 9.889749917496696296e-01 2.695434863931732601e-03
4.019608919947610937e-01 2.588421644451971426e-01 1.040444273062460789e-01
4.186890066418906819e-01 2.314794315074875097e-01 9.691789323589951322e-02
4.248629831859056516e-01 2.223875986757388734e-01 9.448425859692437256e-02
4.191735840342118991e-01 2.310890196050283119e-01 9.686641257879197164e-02
2.621416683304173770e-03 9.890114507633086527e-01 2.592611117009801895e-03
4.283331722730476243e-01 2.168944470266119529e-01 9.290308654331717875e-02
4.249386968070247295e-01 2.225228014587691816e-01 9.455854926173767883e-02
