3.008553952405655374e-01 3.183349883466954910e-01 9.577279873794589116e-02
2.980382542458623885e-01 3.308988230208964598e-01 9.862050754515856721e-02
3.038120964623403641e-01 3.078023360067029257e-01 9.351407299820213570e-02
4.485851906537768330e-01 1.733129721250800115e-01 7.774563264350173308e-02
2.975305495662551314e-01 3.306036734747291317e-01 9.836469265755892755e-02
4.272390844711611568e-01 1.781639575757127392e-01 7.611860612040630136e-02
3.026983083296431176e-01 3.104290122864246104e-01 9.396633687554273306e-02
3.008059618525051326e-01 3.183389008261394704e-01 9.575823925807612491e-02
4.381819414606318297e-01 1.754401987679438946e-01 7.687472690637679740e-02
4.243195432810911716e-01 1.859328338354665489e-01 7.889493513402418001e-02
