4.401597039669281619e-01 2.035789345096194469e-01 8.960724354765675637e-02
4.330194081737315237e-01 2.042806270076646669e-01 8.845747620821775570e-02
4.375021812473614546e-01 2.034276808812576776e-01 8.900005411164239877e-02
4.401627875929427502e-01 2.036488387907187669e-01 8.963864057218857984e-02
4.969385434744851872e-03 9.860532263421762922e-01 4.900078540867979296e-03
6.175250601737382328e-02 8.980793624692758881e-01 5.545865123496320631e-02
4.491132868011537549e-01 2.086392309107792109e-01 9.370265075000493160e-02
8.225619603224348930e-03 9.816346351061003839e-01 8.074553097732719426e-03
6.179893821593361591e-02 8.980258419546248705e-01 5.549704352326562812e-02
5.945623601324474539e-01 1.289002527054525782e-01 7.663923847022277580e-02
