6.897110217559344614e-01 3.460144978337177657e-02 2.386500128432600398e-02
2.556040325300019261e-02 9.549756476159986240e-01 2.440956264985993593e-02
7.238648480117385597e-01 3.036199079578245225e-02 2.197797785272287072e-02
6.996194124105516998e-01 3.442871567884847606e-02 2.408699783328591831e-02
7.067949563086032283e-01 3.811955089931897550e-02 2.694270631238773056e-02
7.218575821267073644e-01 3.159724850549987946e-02 2.280871340803685907e-02
7.129023897009753030e-01 3.261904618361128466e-02 2.325419597406296404e-02
2.370972392672415427e-02 9.593941289415264251e-01 2.274696993412358634e-02
6.871970222075565182e-01 3.544447557949868821e-02 2.435733807193995321e-02
7.182075622261984149e-01 3.122157351943630199e-02 2.242357020626037714e-02
