4.471954188056534996e-01 1.731009954636343884e-01 7.740997216203550357e-02
4.483664084462118393e-01 1.703465597985669711e-01 7.637767520805133215e-02
3.027073613289438248e-01 3.104935717250002503e-01 9.398868980647398508e-02
4.481550582312426867e-01 1.705358433208459534e-01 7.642650079396780260e-02
3.859439476314234230e-01 1.882042921798880997e-01 7.263630748508384527e-02
4.616090014640105710e-01 1.549976789504561303e-01 7.154832380955934712e-02
3.004147169625857594e-01 3.182316935880762920e-01 9.560148415778625675e-02
3.033176806326282060e-01 3.080080561044150622e-01 9.342428919375560248e-02
3.937388245820550581e-01 1.932572712997351339e-01 7.609289084349303567e-02
3.004370981496227166e-01 3.182010314008632546e-01 9.559939450229233693e-02
