5.889181111938429636e-01 6.156816782923681119e-02 3.625860910765967005e-02
5.848986072727542229e-01 6.277674551037268347e-02 3.671803101813311127e-02
5.988632719837070351e-01 5.983507620346564110e-02 3.583302951460187735e-02
5.851997434412848920e-01 6.446890651873284084e-02 3.772718755470264029e-02
5.870095794828813496e-01 6.395606710105687653e-02 3.754282405437033704e-02
5.843915367118761583e-01 6.378715027678176497e-02 3.727667077271987206e-02
5.979692521378945358e-01 6.098009561680539647e-02 3.646422217127842647e-02
5.916400117625130184e-01 6.114497681751368541e-02 3.617581480353238010e-02
4.062947262034180725e-03 9.874790462409852587e-01 4.012075287240935394e-03
4.100624478884936676e-03 9.875286598656940473e-01 4.049484196245701877e-03
