4.278134404574006067e-01 2.361279071605297264e-01 1.010186923503519074e-01
4.184955423701231525e-01 2.240431756679517328e-01 9.376107031548423787e-02
2.951190559143526682e-01 3.796185843964642315e-01 1.120326782346275363e-01
2.975590967905795692e-01 3.790553895179602506e-01 1.127913793385655755e-01
3.151373587063450721e-01 3.616270073001832674e-01 1.139621799174599243e-01
4.117273946012287578e-01 2.235822512445374277e-01 9.205493778399073679e-02
4.200218383520817889e-01 2.177432650728626795e-01 9.145692648468842223e-02
1.781477801349521739e-03 9.899911809244690275e-01 1.763647312348739669e-03
3.129453392539500722e-01 3.642181456686819918e-01 1.139803711587302898e-01
4.276345848367339442e-01 2.362637670135193102e-01 1.010345579187891668e-01
