1.074429232157864122e-01 8.192141610774016369e-01 8.801876420592415207e-02
6.350225330250826826e-03 9.845795379689558091e-01 6.252301921657118719e-03
5.608494942867202626e-01 9.044329357633763833e-02 5.072507546391433891e-02
5.761109740372880594e-01 8.757262671116268493e-02 5.045155127357176666e-02
5.916795909938932230e-01 8.468401010670431606e-02 5.010580046365752799e-02
5.580910657629396532e-01 9.150574695366055222e-02 5.106853984080228503e-02
5.527136678432669203e-01 9.299479445547569056e-02 5.139949393381667425e-02
1.058862917066737408e-01 8.211214335001163489e-01 8.694550363419542571e-02
5.565577053079930891e-01 9.294808308710066080e-02 5.173097183573342750e-02
5.790864874464028977e-01 8.665994303520593856e-02 5.018360201456277536e-02
