3.536794403741992943e-01 3.072309189561172049e-01 1.086612594820505068e-01
3.528871447502258119e-01 3.101821327619825319e-01 1.094592871829114938e-01
4.943455028759695669e-01 2.226410457042933000e-01 1.100615996995205903e-01
3.072197194333796122e-01 4.216752357014773023e-01 1.295469476042120649e-01
2.508231214722420055e-01 4.539070151259050334e-01 1.138503743920276645e-01
2.755031150277405527e-01 3.835385443700299324e-01 1.056660637071485248e-01
4.284703110028253992e-01 2.232340434658800499e-01 9.564916003024387381e-02
4.388274297250844280e-01 2.182472680735224047e-01 9.577288769322531148e-02
4.948551452692905861e-01 2.222259368255641021e-01 1.099696482504187167e-01
4.239995354216964385e-01 2.315574275337575205e-01 9.818024169775632637e-02
