6.031895354347903693e-01 5.345765216462482899e-02 3.224509637461466655e-02
5.537986929322962215e-01 7.014501177019233369e-02 3.884621583405304529e-02
5.537437189576671637e-01 7.014834692959373563e-02 3.884420650752588855e-02
5.597192087980124020e-01 7.010574347512489590e-02 3.923953127009332381e-02
5.537455593259120734e-01 7.014662055701896548e-02 3.884337963516899112e-02
5.829022634082241527e-01 5.809181339441675529e-02 3.386184951309371971e-02
2.271902799409331389e-03 9.896382216497738860e-01 2.248361846168593463e-03
1.787913311397802208e-03 9.899365705432127127e-01 1.769920771913699540e-03
6.042310498161408416e-01 5.665831484939563151e-02 3.423471306226376354e-02
2.897111950538395781e-03 9.889229546703305340e-01 2.865020510137154981e-03
