2.139661563630797150e-03 9.896995362844506205e-01 2.117622057331062634e-03
1.071189948339168196e-01 7.832894160351230317e-01 8.390517490972806969e-02
2.862962243571446908e-01 3.750384544815293930e-01 1.073720935068007420e-01
2.918040577733406193e-01 3.793948276721165191e-01 1.107089502129409014e-01
3.002160165513838574e-01 3.435019278484894301e-01 1.031247804563943660e-01
2.904549996037334436e-01 3.839947066257225483e-01 1.115331823608099876e-01
3.997060094214878179e-01 2.749414489122926630e-01 1.098957493692943599e-01
2.079424782273128942e-03 9.895359994604352449e-01 2.057665680229438503e-03
2.904663951914309705e-01 3.839937187090649018e-01 1.115372712495744240e-01
2.922579318975047080e-01 3.426664896255749992e-01 1.001469995885483077e-01
