5.663669476956409987e-01 7.721545444353572485e-02 4.373228124811714967e-02
5.745821993366522218e-01 8.808457537921547675e-02 5.061182904902475355e-02
5.798582117574758721e-01 8.477622682599765536e-02 4.915819128686915729e-02
5.488326630627172742e-01 8.081597447908603349e-02 4.435444649136538464e-02
5.776047625922859918e-01 8.724789067942521903e-02 5.039479718256712620e-02
5.588786743784543987e-01 7.855094996843621502e-02 4.390045078952792279e-02
5.732890045398914003e-01 7.555305149077684579e-02 4.331373367909861771e-02
2.533186594134798630e-01 4.967690583768026302e-01 1.258408719061083481e-01
5.492641175435726275e-01 8.076074750489398157e-02 4.435898071043487684e-02
5.798582117574758721e-01 8.477622682599765536e-02 4.915819128686915729e-02
