4.023465458793528682e-01 1.471090981980915369e-01 5.918883752742866433e-02
4.358995071487034578e-01 1.164412572228608056e-01 5.075668663522043406e-02
2.932572521479608341e-01 3.035295915459477190e-01 8.901225396235755427e-02
4.372929023382263747e-01 1.162077968988576848e-01 5.081684478023262147e-02
4.360387464912102162e-01 1.164222311277295641e-01 5.076460372464515480e-02
2.935841297332829058e-01 3.033661250218522287e-01 8.906347980509878026e-02
4.356425193744167257e-01 1.164880954959056636e-01 5.074716739896398959e-02
4.369159528592399533e-01 1.162726571044640500e-01 5.080137877027258303e-02
4.024030550638376669e-01 1.472025328755244278e-01 5.923474894224602799e-02
3.272299672236372685e-03 9.883857319244778727e-01 3.234294306619576054e-03
