4.197233817774753128e-01 2.136918437019726391e-01 8.969146329685565022e-02
4.230287437874175049e-01 2.159310657770575070e-01 9.134504750034685983e-02
4.231883531325345560e-01 2.152384677341331320e-01 9.108641269117798145e-02
3.963606057751543621e-01 3.232245926992414753e-01 1.281134953636988982e-01
4.238486416028408033e-01 2.157880557288771040e-01 9.146147429480266933e-02
2.544131734320100643e-04 9.914527209743035918e-01 2.522386330508737725e-04
4.217443711057459188e-01 2.176425295842099317e-01 9.178951176535632417e-02
4.235862698534136883e-01 2.151734013762986453e-01 9.114449846065773853e-02
8.671780133913040405e-04 9.909179654692070738e-01 8.593022727293398106e-04
4.204339159196008313e-01 2.139330102682547308e-01 8.994469325155050876e-02
