3.372879660213001229e-01 3.172430759422648627e-01 1.070022718189073685e-01
3.168148809579532377e-01 3.289970008673576141e-01 1.042311456653155360e-01
3.106599164068727936e-01 3.540097123665561507e-01 1.099766276510154156e-01
3.160812656934832154e-01 3.300608006803121830e-01 1.043260356348375550e-01
3.161375077369556474e-01 3.462863229954292743e-01 1.094740951151694508e-01
3.356893489460162187e-03 9.882936047716667227e-01 3.317596367533122773e-03
3.407472750257318772e-01 3.299037648218247076e-01 1.124138088837666749e-01
4.071108883801315484e-03 9.874826259071747270e-01 4.020149290930150401e-03
3.138360503306276139e-01 3.464026234077616229e-01 1.087136311544597139e-01
3.128664368403072937e-01 3.458925124783502336e-01 1.082181579088429685e-01
