6.916718976063177537e-01 3.678749945214840333e-02 2.544487955425886114e-02
6.963508064288947974e-01 3.352349234433248809e-02 2.334411092828880818e-02
6.692066530020644999e-01 4.567059315625918159e-02 3.056306478671920110e-02
6.818148276250681761e-01 3.790386227925835599e-02 2.584341532625685986e-02
6.906397102895833751e-01 3.476148596925478229e-02 2.400766259904154112e-02
6.515825511276461812e-01 4.348676301195400495e-02 2.833521598361235169e-02
6.707878769548150100e-01 3.865890704564805408e-02 2.593192618254379703e-02
6.837616142201986547e-01 3.629026007100156354e-02 2.481388680661885185e-02
6.959376333701918771e-01 3.358856834783703615e-02 2.337554876428664385e-02
6.879696219773250299e-01 3.464791069614810148e-02 2.383671002393312685e-02
