4.433663409553289525e-01 1.152695352236725590e-01 5.110663205574110524e-02
4.156879720314695104e-01 1.452828989775588608e-01 6.039235364683429724e-02
4.455351318548437245e-01 1.148967480032754840e-01 5.119053777133209665e-02
4.425305717068138689e-01 1.155222551171122269e-01 5.112212960183607630e-02
4.166545576231587278e-01 1.440635040183810278e-01 6.002471553642069885e-02
4.426175151410836617e-01 1.154907869258107594e-01 5.111824513079071125e-02
4.131635713323179027e-01 1.467479912868915881e-01 6.063092416593599682e-02
4.154718646884216771e-01 1.453395342529167078e-01 6.038448730900603661e-02
4.185306061502919173e-01 1.438832536482471947e-01 6.021954536427710086e-02
4.451402244319621615e-01 1.149860142550810510e-01 5.118490019204358088e-02
