4.176617754910457725e-01 2.877982468765533097e-01 1.202023267736715695e-01
6.642202589760216602e-01 4.070735065902709310e-02 2.703864699696670315e-02
5.827388440339960063e-01 1.113071159980205532e-01 6.486298010944439862e-02
3.715484628371950038e-01 3.435754220294456318e-01 1.276549199236810817e-01
6.271478701183293980e-01 7.721525954453195562e-02 4.842538556398721938e-02
5.067295873646238125e-01 1.491602231007419233e-01 7.558389830305418944e-02
6.118280204515404996e-01 5.676814439013882357e-02 3.473234140692586097e-02
4.175570366969375002e-01 2.878827076093136705e-01 1.202074503056359128e-01
4.908395339597843021e-01 1.643274176778773132e-01 8.065839310982411692e-02
3.751914223228943746e-01 3.168840538364487980e-01 1.188921788703418553e-01
