5.713887898177051339e-01 6.792327578285931033e-02 3.881059835002222125e-02
5.575364425259753398e-01 7.388461640166117672e-02 4.119336618597849858e-02
4.866473377772616571e-01 1.682393317085518480e-01 8.187322288539239379e-02
5.356261937812920593e-01 1.035515547663538455e-01 5.546492513963711957e-02
5.599418383518426356e-01 7.350891337344440946e-02 4.116071608957281441e-02
1.343361109743511639e-01 7.419508589114326425e-01 9.967079292024137727e-02
4.848056352604542263e-01 1.694924211631873845e-01 8.217088091385151005e-02
3.542505891934263906e-01 2.810406197526729710e-01 9.955880513467010862e-02
5.551542452657843851e-01 7.450149289388915963e-02 4.135982005868123201e-02
5.470657065930573104e-01 9.708846402393167541e-02 5.311376917328680669e-02
