3.863574301439831604e-01 2.710887991004403696e-01 1.047371717612646802e-01
3.798929163786766705e-01 2.790314774613511517e-01 1.060020817342436777e-01
3.456809247948533503e-01 3.323720984037308868e-01 1.148946943522076991e-01
3.568496505865537682e-01 3.185870207706938961e-01 1.136876670434332631e-01
4.274298761972773475e-01 2.263620302551869190e-01 9.675389456773889063e-02
4.275272054223011597e-01 2.442076292485711175e-01 1.044054052754470191e-01
3.315642754252948188e-01 3.274173702888026893e-01 1.085599031414623133e-01
3.684296902321032574e-01 2.915337924892880128e-01 1.074097048590186565e-01
3.756339020055226574e-01 2.799735515811420106e-01 1.051675576387688382e-01
3.628976304176326217e-01 3.031486180465633451e-01 1.100119151534778156e-01
