6.143677027956829795e-01 8.103735753201482539e-02 4.978673518757638361e-02
2.373037201672963392e-01 5.717222960806662702e-01 1.356718277625305613e-01
6.381441125764134581e-01 7.339349427739660925e-02 4.683562627453134036e-02
1.460970976883158579e-01 7.605325211803110053e-01 1.111115940420210474e-01
5.579262907742100763e-01 9.490949955642413727e-02 5.295250504675225872e-02
2.286615068588453703e-01 5.903986786566428613e-01 1.350014515090991740e-01
2.743833642629264769e-01 4.990597265202351140e-01 1.369336867307581473e-01
6.598641613460073385e-01 3.952026592962525064e-02 2.607800713382335198e-02
4.781220410044960678e-01 1.345652180983458179e-01 6.433859672539625485e-02
2.414120728584178144e-01 5.704356899952406357e-01 1.377100623541728797e-01
