1.290668956514290887e-02 9.779911256119022678e-01 1.262262785573750601e-02
1.540254446904938505e-02 9.743957102751483745e-01 1.500817325796393285e-02
1.297874578938734182e-02 9.775230419933659265e-01 1.268702306530050325e-02
5.810185319665215342e-01 8.316257159770394647e-02 4.831899526425868785e-02
1.535304597277572548e-02 9.743968552207217249e-01 1.495995971393183389e-02
5.805094179811730593e-01 8.370643319011203398e-02 4.859237281247188317e-02
1.235751288714849808e-02 9.784612128851918333e-01 1.209134704780370773e-02
5.801590037007731127e-01 8.346432698158802455e-02 4.842258078619366551e-02
1.265904214389617158e-02 9.779916607495070524e-01 1.238043764980701657e-02
6.251033851525203966e-01 5.270799006096808792e-02 3.294794301169655382e-02
