6.262714397350053197e-01 6.204775724173568208e-02 3.885873826010990961e-02
6.347885029223313547e-01 5.666802283367127629e-02 3.597220937815467923e-02
5.616976767346349986e-01 1.089487839772913941e-01 6.119627884310820110e-02
5.886841579866717300e-01 9.556840972280650215e-02 5.625960880779559692e-02
6.232751761544440550e-01 7.737150054473523886e-02 4.822373563135352176e-02
5.901132073759353114e-01 9.646974390356903573e-02 5.692806998967020471e-02
5.616976767346349986e-01 1.089487839772913941e-01 6.119627884310820110e-02
4.950832073573944170e-01 2.034045696470672127e-01 1.007021867320205544e-01
6.537690689146620215e-01 4.475780054546281417e-02 2.926126558927537660e-02
6.785480986243704882e-01 3.687872844742454137e-02 2.502399106768440559e-02
