5.783931776678218339e-01 7.335847360865579980e-02 4.243004065937147629e-02
5.585914845303724396e-01 7.803090880613236524e-02 4.358740118927158930e-02
5.678805796914235815e-01 7.765171803718143306e-02 4.409690265298956552e-02
5.428903057632665785e-01 8.082340185529471310e-02 4.387824134604831339e-02
5.587229461226734806e-01 7.687596578735789166e-02 4.295236609073845024e-02
1.291989117021539926e-03 9.905571475951099325e-01 1.279789054480781358e-03
5.563645183844045938e-01 7.742016623094347127e-02 4.307383349831940544e-02
5.717897515740231196e-01 7.662432651072248468e-02 4.381300462009284080e-02
5.580888769778405978e-01 7.739778828501617247e-02 4.319484474455334566e-02
5.349225004093833835e-01 8.256747554014701174e-02 4.416720046842604469e-02
