5.591079755894523551e-01 7.886831677781211414e-02 4.409590493179017107e-02
5.759456521122912065e-01 1.299143581956721250e-01 7.482360974975615919e-02
5.567310968534057158e-01 7.934991601807880879e-02 4.417656577997064460e-02
5.629353891350772354e-01 7.904682003960133985e-02 4.449825239888340056e-02
0.000000000000000000e+00 9.916666666666669183e-01 0.000000000000000000e+00
5.738941495541811655e-01 7.714784728453955021e-02 4.427469820729666716e-02
5.611240762898590528e-01 7.809991814221750595e-02 4.382374442586540325e-02
5.611824566833405470e-01 7.809390754565796733e-02 4.382493088847400076e-02
3.791492363929565451e-04 9.913350741978679270e-01 3.758639363916765354e-04
5.580457253965842579e-01 7.916783542029404153e-02 4.417927214519538209e-02
