2.915739301176483167e-01 4.187420086556307708e-01 1.220942531690805688e-01
2.498477670978746230e-04 9.914539836717414234e-01 2.477125640006772457e-04
3.020532889786039510e-01 4.038766206910254786e-01 1.219922616212883310e-01
3.007519576406199047e-01 3.983841686181428532e-01 1.198148186049372704e-01
4.427828730305281568e-01 2.071344425633330211e-01 9.171558358176951087e-02
4.356690337532297397e-01 2.350890951889559599e-01 1.024210389468935001e-01
4.399740077849185194e-01 2.337863782288546188e-01 1.028599297948699920e-01
4.375746128440332061e-01 2.091745515561231616e-01 9.152947341399485237e-02
3.763638977179717404e-01 2.967011880302293236e-01 1.116676155846099278e-01
4.577897266657355302e-01 2.056879639527343928e-01 9.416183679635393988e-02
