5.615152831460015204e-01 7.622452293231342380e-02 4.280123457700685946e-02
5.616889248680450031e-01 7.700358986248433124e-02 4.325206360083871243e-02
5.634083270311182057e-01 7.660679186783697636e-02 4.316090444547910493e-02
5.871141117525378039e-01 7.217982556433757968e-02 4.237779417265918197e-02
5.730856464274659556e-01 7.448405135581442904e-02 4.268574071978348261e-02
5.681457834206701252e-01 7.539377349873160883e-02 4.283465450947742531e-02
5.697435549217355621e-01 7.504580149774901787e-02 4.275686172727843209e-02
2.145064158072853000e-01 6.207659352141129405e-01 1.331582758180368253e-01
5.562056595707048912e-01 7.771646498858716945e-02 4.322633766848071879e-02
5.606746721869386718e-01 7.648939646795377412e-02 4.288566729044676618e-02
