4.372924315906033810e-01 1.161914254324145496e-01 5.080963095731882984e-02
4.367018025439212137e-01 1.163106661940488118e-01 5.079307758202543377e-02
4.368253541345157864e-01 1.162948791859867437e-01 5.080055178444938674e-02
4.374046142162633655e-01 1.161980814230919451e-01 5.082557697753749271e-02
4.372523489200395019e-01 1.162362795321744691e-01 5.082458625516959871e-02
4.364774189166702456e-01 1.163438457286909145e-01 5.078146149049828084e-02
4.374156590670783551e-01 1.161838101473761653e-01 5.082061788853885209e-02
4.370707894625775469e-01 1.162579215437503782e-01 5.081294155040538135e-02
4.367980853678641306e-01 1.163103708447996987e-01 5.080414729343475655e-02
4.359605372884804431e-01 1.164194244201345596e-01 5.075427482101750598e-02
