6.615798837935311649e-01 4.067319823994818700e-02 2.690856976509617762e-02
6.971346077548041809e-01 3.848779086706707181e-02 2.683117098946173618e-02
6.901695401044819489e-01 3.785585239941570423e-02 2.612695624076788459e-02
6.929055100910278542e-01 3.925091641708398915e-02 2.719717626151988213e-02
7.010209292067690612e-01 3.657990196970795083e-02 2.564327686909718962e-02
6.927051629437021019e-01 3.914410940257108396e-02 2.711532668199410565e-02
6.681449290695123944e-01 3.942972300459027246e-02 2.634476948013248984e-02
6.868126387180401027e-01 3.774805625571589496e-02 2.592584212346525294e-02
6.707544313527100677e-01 3.954050984375503952e-02 2.652197219564414801e-02
6.867715571836308097e-01 3.748427050603322236e-02 2.574313082532088057e-02
