4.198561830940956141e-01 2.194846621736752934e-01 9.215199250793633390e-02
5.328413303540072699e-01 1.721482863558121412e-01 9.172772191999353786e-02
4.337944759753996071e-01 2.204234839498856180e-01 9.561848971271254272e-02
3.641631378465362001e-01 3.400311096961829427e-01 1.238267958724017376e-01
4.330255857090865024e-01 2.204450564087895859e-01 9.545834966808872113e-02
4.330043431673203935e-01 2.203579929835394469e-01 9.541596801350649137e-02
4.893138550475924498e-01 1.935735808382529344e-01 9.471823507533232156e-02
4.397038952452491656e-01 2.190813012175971408e-01 9.633090152077521118e-02
4.263677763776853036e-01 2.189143662349560260e-01 9.333803154872843955e-02
3.644502260507311853e-01 3.398069385146334498e-01 1.238427155552650760e-01
