5.870766535665203900e-01 6.035048832915365646e-02 3.543036272938487191e-02
6.048501997226010118e-01 5.472632917559687449e-02 3.310123113194457511e-02
6.075510175139329228e-01 9.159433172595468631e-02 5.564822943861248011e-02
5.952159645864940618e-01 5.846780423470511467e-02 3.480097049481430810e-02
6.193532169094533302e-01 5.150483099712727802e-02 3.189968276444850315e-02
6.453595774757253656e-01 7.332476994146629179e-02 4.732084254792945366e-02
6.171904167431289112e-01 5.409178655948143621e-02 3.338493228902672527e-02
6.003164559266741529e-01 5.501282505211042839e-02 3.302510416579708397e-02
6.076506732936366451e-01 9.153127750928041761e-02 5.561904240594094800e-02
5.903422221630806321e-01 5.737098676105362866e-02 3.386851581220907959e-02
