5.934693471713514690e-01 1.309494591997853452e-01 7.771449006373813695e-02
4.396525369000444106e-01 2.051370164108566319e-01 9.018900967713916472e-02
4.308512477514979677e-01 2.062569984603936923e-01 8.886608514413942006e-02
1.103236344786933110e-01 8.049844458196303565e-01 8.880880976163839369e-02
1.079494646662341739e-01 8.084319111470170682e-01 8.726979202742107811e-02
1.391121822574727940e-01 7.389734552298473647e-01 1.028002099873689401e-01
4.357631803114110913e-01 2.052334731334192197e-01 8.943319095897529769e-02
1.320600973398977640e-02 9.746665583794176246e-01 1.287145605735290355e-02
4.399731074168889422e-01 2.048101319968784195e-01 9.011095020512979725e-02
4.472130087337198301e-01 2.095833085067142498e-01 9.372838197765509527e-02
