1.079451207760264569e-01 8.153978895110345348e-01 8.801822366378569962e-02
6.266505394211208113e-01 6.987366305239278708e-02 4.378636864311157700e-02
1.135958972014048801e-01 7.988573576316284619e-01 9.074691827610839590e-02
1.077644877795972816e-01 8.217582758433553680e-01 8.855635967490420313e-02
1.130811308018866979e-01 7.993816579481111129e-01 9.039498182305939766e-02
5.046212879701877929e-01 1.824174510583637665e-01 9.205172910131022290e-02
1.588595747315065532e-01 7.340208402457277792e-01 1.166062385254994227e-01
6.797436204710268770e-01 4.040660982189293871e-02 2.746613525129366212e-02
1.575212096163390862e-01 7.321907560197535858e-01 1.153355735581333974e-01
6.263297709472911423e-01 6.928621828333011989e-02 4.339602122720216670e-02
