3.592280142875583504e-01 2.900914777496872432e-01 1.042089855137635634e-01
3.436450333064413609e-01 3.252323127232186195e-01 1.117644689381014217e-01
3.763239111543174031e-01 3.008871722795199988e-01 1.132310374883918752e-01
3.528017866634134969e-01 3.012831573102758842e-01 1.062932361906595985e-01
3.623240431789354066e-01 2.857191254974164596e-01 1.035229087637735829e-01
2.869731268520948064e-01 3.887181141302778475e-01 1.115516526760152866e-01
4.161177394550008568e-01 2.424353625524041655e-01 1.008816550292599840e-01
3.598223448281348547e-01 2.911184487364436579e-01 1.047509228470763359e-01
3.118032480776756210e-01 3.641119134793678325e-01 1.135312772866444858e-01
2.941446053591539878e-01 3.876070843874506178e-01 1.140125328715589637e-01
