4.012717402692024260e-01 2.432188670481751358e-01 9.759685804672500742e-02
2.831290695680006575e-01 5.381971506571420205e-01 1.523792585097056840e-01
3.907380454165262917e-01 2.507444458587960723e-01 9.797539467391597201e-02
3.912302399822448207e-01 2.457325334555630625e-01 9.613799803526494603e-02
3.930783350349221772e-01 2.436703276366845305e-01 9.578152668484193888e-02
3.970605916486811271e-01 2.472508758298624654e-01 9.817357904265978930e-02
2.712956182179016573e-01 5.527854844372893650e-01 1.499682797422966785e-01
2.527302569443093949e-01 5.229779889668879633e-01 1.321723615278198039e-01
3.922959759456411399e-01 2.441185182412759780e-01 9.576671235986515540e-02
3.969333547556356812e-01 2.458534172801742357e-01 9.758742169915672615e-02
