4.037198643425811140e-01 1.469633106415422219e-01 5.933200783554003210e-02
4.381227209976638060e-01 1.160754540189775919e-01 5.085529375583367623e-02
4.374552741065931838e-01 1.161800086558582162e-01 5.082355753225482192e-02
4.384674192871846343e-01 1.159838121855558263e-01 5.085512280809018071e-02
4.381836555916275300e-01 1.160352922043065005e-01 5.084476851572570372e-02
3.558727078781622755e-01 2.087922793641250330e-01 7.430347384136491706e-02
4.378208083265933692e-01 1.161079341445173524e-01 5.083446958028346035e-02
4.377979019888639245e-01 1.161139397785434790e-01 5.083443922670762699e-02
4.381767390301336551e-01 1.160306602727760039e-01 5.084193634583826504e-02
2.924756163487996496e-01 3.044497944737772355e-01 8.904414128598336919e-02
