5.871377043160868059e-01 6.413405150734122206e-02 3.765551977050999449e-02
6.000839977020141491e-01 5.814468446108396471e-02 3.489169469652944611e-02
5.931302621612483117e-01 6.139481314953176144e-02 3.641512161872263037e-02
5.856376771931417480e-01 6.129683627076035202e-02 3.589773681289641638e-02
5.970563772256485269e-01 5.936369354770047735e-02 3.544347180832365524e-02
8.645953890869452485e-02 8.496330529291784561e-01 7.345888199784321448e-02
5.888704904028446707e-01 6.188631729438796858e-02 3.644302601437229144e-02
5.981738659999171759e-01 5.857238967703013582e-02 3.503647277396275406e-02
5.944480926060007331e-01 6.116958215861064557e-02 3.636214143969215135e-02
8.647106750458237456e-02 8.496787430151669929e-01 7.347262794447320666e-02
