6.426357165990725928e-01 4.485746874991575206e-02 2.882701157492261607e-02
6.352818842479716066e-01 4.639015401112722703e-02 2.947082445074250198e-02
6.343550509844647634e-01 4.670568886507421580e-02 2.962798964126870174e-02
6.377004112363674482e-01 4.658317380569611255e-02 2.970610909258759175e-02
6.470917684815985504e-01 4.498720037845230224e-02 2.911084705192874128e-02
5.853031789882837677e-01 1.214140209196598319e-01 7.106401241802688673e-02
6.423919894772837091e-01 4.472870818209209731e-02 2.873336383584300033e-02
6.428622636046336103e-01 4.485601866729625742e-02 2.883624169674977103e-02
6.474017652258570177e-01 4.496149720843020670e-02 2.910815265993515685e-02
6.679175179697385278e-01 4.221470228770930755e-02 2.819593917383824214e-02
