3.230504217043091431e-01 3.361112094955024387e-01 1.085808679670674515e-01
3.517562932391229413e-01 3.021406180246655193e-01 1.062798638333340845e-01
3.050204757538201306e-01 3.582623998408288046e-01 1.092773676441549380e-01
3.584052247892909882e-01 3.187328365799061425e-01 1.142355139421496052e-01
3.383471365124321451e-01 3.324939530132331456e-01 1.124983769097265968e-01
3.126057307771778482e-01 3.627745813384443685e-01 1.134054131066891541e-01
3.490823609550531836e-01 3.060445514587490368e-01 1.068347545806503790e-01
3.285033240506421981e-01 3.280043732965443048e-01 1.077505269310625041e-01
3.290127826951924073e-01 3.343442667988008044e-01 1.100035375976572832e-01
3.271662164326662459e-01 3.388886012088316302e-01 1.108729014496521309e-01
