2.540108374823651372e-01 4.102180829835507803e-01 1.041998388090620981e-01
3.219723911801227745e-01 3.331032182701203492e-01 1.072500396962250135e-01
3.071159728142538459e-01 4.032549089398644870e-01 1.238460236511898377e-01
3.067657302026974842e-01 3.769058003465254325e-01 1.156217830609339858e-01
3.009390501175119303e-01 4.052614013484362454e-01 1.219589811710901778e-01
3.059675188051378392e-01 3.845884862253954317e-01 1.176715848914081652e-01
3.143547430574741286e-01 3.329198743708288166e-01 1.046549415665684601e-01
3.902051893239470437e-01 2.799533265070643928e-01 1.092392407715578190e-01
3.219522234938831384e-01 3.331483601010076789e-01 1.072578552878602903e-01
3.137582012039458190e-01 3.477844436249412086e-01 1.091202214384766611e-01
