3.335074880958759369e-01 3.046293130818213402e-01 1.015961570062903913e-01
4.654973361338259896e-01 1.702948112205010245e-01 7.927178098055601141e-02
3.329635089345772125e-01 3.126467310357379792e-01 1.040999526225842992e-01
4.521315202581884241e-01 1.723180836202202748e-01 7.791043711518783055e-02
3.195649361916330644e-01 3.407036736689246226e-01 1.088769477362648702e-01
3.309344308660447376e-01 3.311994429341190149e-01 1.096052991505537394e-01
3.356238188345171958e-01 3.185332034397837520e-01 1.069073301640523915e-01
3.366194006071367428e-01 3.114814295307000158e-01 1.048506921088783461e-01
3.367863498369956798e-01 3.051147767999293214e-01 1.027584919597778479e-01
3.349073114566333276e-01 3.142626110569251563e-01 1.052488461604164510e-01
