5.240033082463472214e-01 1.089259243213865913e-01 5.707754469819782683e-02
5.318890902341038007e-01 1.083554814103123709e-01 5.763309842920939091e-02
5.172141675825339124e-01 1.125927769334536394e-01 5.823457939744215023e-02
5.088055303661475071e-01 1.108573962597412532e-01 5.640485629894782804e-02
3.410384400067685839e-01 3.142587129395095769e-01 1.071743012194252415e-01
5.287546949022053910e-01 1.093389786977998768e-01 5.781349832227390684e-02
5.355077126918155184e-01 1.071284138158596633e-01 5.736809184683329399e-02
5.074723292999309132e-01 1.136066615036732536e-01 5.765223713725785987e-02
5.164873495765195388e-01 1.124353871565687002e-01 5.807145511110601427e-02
6.738715148323127790e-01 4.671758270979513294e-02 3.148164822995350859e-02
