6.050407102102409729e-01 5.726113798972323754e-02 3.464531959674875539e-02
5.985160897454941953e-01 5.777442664425518071e-02 3.457892392240750207e-02
5.973273491752626452e-01 5.751388753670104437e-02 3.435461798306180953e-02
7.803504877583210264e-03 9.831014848121893968e-01 7.671637231891216546e-03
6.506718000360779408e-01 6.391929137887313039e-02 4.159048037852193513e-02
5.997223592366597300e-01 5.672008893553371484e-02 3.401630555253144089e-02
6.058889444183088724e-01 5.633165901630855094e-02 3.413072941872329763e-02
6.035895055444117085e-01 5.686415166198935389e-02 3.432260518486258960e-02
6.505770720782307892e-01 6.358128423372844118e-02 4.136452573575282593e-02
5.825136163288615609e-01 6.200938092748371766e-02 3.612130873038247453e-02
