3.724331903994885229e-01 2.718624072501126809e-01 1.012505836818445026e-01
1.911721937501318453e-03 9.896688299557833135e-01 1.891971613087733029e-03
3.702807072587123716e-01 2.789742066385752506e-01 1.032987665410698142e-01
3.728485635868241110e-01 2.749243323217125945e-01 1.025051424012172196e-01
3.685456602527444891e-01 2.833437092706403426e-01 1.044250944116098256e-01
3.713229237109246794e-01 2.735965398922679537e-01 1.015926671099895706e-01
2.632396236336802531e-01 5.634937180712060734e-01 1.483338742650074094e-01
2.586863364121823848e-03 9.890659430125668949e-01 2.558578452679813060e-03
3.682095362300428776e-01 2.815360901364579727e-01 1.036642731811647372e-01
3.704702875582839838e-01 2.782778880082470430e-01 1.030936891915272269e-01
