4.013252000048189716e-01 1.474895464961937241e-01 5.919127174620499032e-02
4.353344677221171466e-01 1.165336252154793029e-01 5.073110370490937354e-02
4.362462314535027752e-01 1.164017223671097584e-01 5.077981271734853530e-02
4.364352703444646098e-01 1.163561965411274018e-01 5.078194809368059837e-02
4.362245529402543065e-01 1.163959952347269344e-01 5.077479098530472690e-02
4.379639362561059124e-01 1.160228714763301694e-01 5.081383348750983381e-02
2.935646584509963297e-01 3.031654897548465288e-01 8.899867345401055174e-02
2.911389094024311452e-01 3.044972390285628494e-01 8.865099408682718118e-02
4.361303953161372871e-01 1.164022858692552453e-01 5.076657495186031460e-02
4.383758639007552804e-01 1.159877230300036532e-01 5.084621828515938080e-02
