3.631295278531363468e-01 2.804998223609670993e-01 1.018577680568266003e-01
2.294441502954393253e-01 5.439043097949467498e-01 1.247956622029289531e-01
3.651648066055218633e-01 2.800400060112785416e-01 1.022607546369177084e-01
2.253739523887135221e-01 5.400995243025044079e-01 1.217243644753194520e-01
3.617687453170547740e-01 2.893642378438271989e-01 1.046829372643871825e-01
2.288372759824111868e-01 5.451850807168966417e-01 1.247586687775055908e-01
4.114995294948766147e-01 2.671412416053146055e-01 1.099284952292641226e-01
3.649422047626401100e-01 2.817079139701199053e-01 1.028071072233397026e-01
4.855403652450782093e-01 1.783963033959639621e-01 8.661860630924812787e-02
3.402816443968176285e-01 3.225720796564480741e-01 1.097653577019973986e-01
