3.856659981425552552e-01 2.438793839587915235e-01 9.405598604085881054e-02
3.958329311423587904e-01 2.399287072242894947e-01 9.497168344578733878e-02
3.958624372446611916e-01 2.398926275826977483e-01 9.496448023191256249e-02
2.399729178610680858e-01 5.502863172822961557e-01 1.320538132172540957e-01
3.856705287063483811e-01 2.439193730682134853e-01 9.407251357293892891e-02
2.398630580938014012e-01 5.502944636231282827e-01 1.319953128967316924e-01
4.041996287695697188e-01 2.399157077333795018e-01 9.697384000182057706e-02
4.041150413459649315e-01 2.399483053456928916e-01 9.696671933566890222e-02
2.935961793088950542e-02 9.467917924567129662e-01 2.779744528663112557e-02
3.664578950811167579e-01 2.445809466373010110e-01 8.962861888165227220e-02
