3.401143901961071192e-01 3.545638579061138884e-01 1.205922703173171046e-01
3.625672455050548137e-01 2.959157308574346668e-01 1.072893514385952346e-01
3.567758151549205170e-01 2.998489720124125069e-01 1.069788614130934151e-01
3.635456886672146504e-01 2.949694243603691035e-01 1.072348625148622642e-01
3.705223143455308454e-01 2.849331734358180324e-01 1.055740988552558296e-01
3.508302538792550385e-01 2.971925361972440616e-01 1.042641329250988264e-01
6.321850478820272012e-02 8.933630182122851426e-01 5.647707424445658209e-02
2.880376058392953298e-01 3.744137245086205379e-01 1.078452328008365491e-01
3.502920534057897828e-01 3.068123939826144508e-01 1.074739434985162029e-01
3.506184769243936850e-01 3.070098797317293293e-01 1.076433364322802178e-01
