6.217440830975573540e-01 6.793925369265813030e-02 4.224082899347406800e-02
6.038286854510049873e-01 5.820193415237620571e-02 3.514399738993527478e-02
6.024008167406743608e-01 5.638923350147084096e-02 3.396892031666663009e-02
5.925823490354472645e-01 5.837554321692040027e-02 3.459231652570295829e-02
5.970639366362356926e-01 5.707716574606487570e-02 3.407871727238440118e-02
6.002324171591160162e-01 5.792290048356202314e-02 3.476720256611535997e-02
6.232993692852696332e-01 6.690384966723188220e-02 4.170112730034213067e-02
5.973161565731717193e-01 5.703732686816516406e-02 3.406931686610011750e-02
2.657773520995202268e-02 9.547325427315573876e-01 2.537462871704353543e-02
6.039613926061327964e-01 5.814164280792341599e-02 3.511530755868177284e-02
