1.595403897541852398e-02 9.735906304651366083e-01 1.553270286454308362e-02
6.759556977121394805e-01 4.353757673923140670e-02 2.942947306146298167e-02
5.765503763667433751e-02 9.097014025983941599e-01 5.244886860494584607e-02
6.717596707933867206e-01 4.425454633188859871e-02 2.972841947502016455e-02
6.728002861052270189e-01 4.418798898356083443e-02 2.972969163055434738e-02
6.723634764732608904e-01 4.413593048995541335e-02 2.967538766160861610e-02
6.759978699722916096e-01 4.342737563024197389e-02 2.935681342453018081e-02
6.778993550964494963e-01 4.300650405293383188e-02 2.915408136243668666e-02
7.806170180999612296e-02 8.762953421347720040e-01 6.840510569521310313e-02
6.734091732090340399e-01 4.391366378304440571e-02 2.957186402071943637e-02
