6.896761161228135428e-01 7.763315624638832124e-02 5.354173368236463809e-02
7.201875337782702724e-01 5.740774687771156570e-02 4.134434364362628983e-02
7.274996513906206719e-01 5.315502342902830857e-02 3.867026101427836760e-02
7.360599665458008589e-01 4.820496417377372750e-02 3.548174431708941978e-02
7.426509987919054367e-01 4.416841890396114301e-02 3.280172041408602190e-02
7.387538736199406042e-01 4.113531932090412624e-02 3.038887649091110907e-02
6.296466495677770503e-01 6.673134200029764984e-02 4.201716591164889741e-02
7.097443525069955239e-01 7.162520545506796676e-02 5.083558506888773837e-02
6.789686722653976991e-01 3.893939374801171777e-02 2.643862847190704343e-02
7.515189575035783331e-01 3.784492428514982243e-02 2.844117804557765028e-02
