6.504751830573394233e-01 4.808214799349604801e-02 3.127624401785942393e-02
6.472044074339028397e-01 4.906659600072692945e-02 3.175611718944917894e-02
6.475530712663143396e-01 4.853749404383195937e-02 3.143060333965382730e-02
6.480278935380385796e-01 4.843502101765576051e-02 3.138724464354208932e-02
6.523990422236896070e-01 4.790969107399428717e-02 3.125623656990672572e-02
0.000000000000000000e+00 9.916666666666669183e-01 0.000000000000000000e+00
2.313986466974481473e-02 9.621907793057430380e-01 2.226496441961119468e-02
2.430438604260944449e-02 9.605237155200206933e-01 2.334493918508015464e-02
6.470952920137520437e-01 4.856670935387617793e-02 3.142728897149352912e-02
6.474827712022462878e-01 4.872691316120755789e-02 3.154983676574987794e-02
