3.705633899118287999e-01 2.818714144223432028e-01 1.044512268475854544e-01
3.792124231521308841e-01 2.585666805861920325e-01 9.805169749149292291e-02
3.287616853970743991e-01 2.949073278740683701e-01 9.695423014782633686e-02
3.378553300417244110e-01 2.937109193275539432e-01 9.923179958626902886e-02
3.390803358811017576e-01 3.235262447512435857e-01 1.097013877366032064e-01
3.359475370686394458e-01 3.076720898808594784e-01 1.033616808202358073e-01
3.704264565785621022e-01 2.951226914207176755e-01 1.093212528389048560e-01
3.037393145548370477e-01 3.378777414007280155e-01 1.026267535763936145e-01
3.771379257565641296e-01 2.588850964034979940e-01 9.763538826690337791e-02
3.466621221725325053e-01 2.925286779796778536e-01 1.014086123047605037e-01
