1.289246392455286640e-02 9.757665836991349373e-01 1.258003547912529135e-02
4.954533331474648139e-01 9.822180126117650845e-02 4.866431882259776576e-02
5.046973194275851116e-01 9.157369764963910197e-02 4.621699973384500726e-02
4.648476189293667682e-01 1.187102238590923425e-01 5.518216490347117864e-02
4.770992073924301136e-01 1.071766892235413160e-01 5.113391347949636928e-02
4.975282081664419431e-01 9.484869876543930434e-02 4.718990314368762956e-02
5.067037193520466110e-01 9.327205324924543739e-02 4.726129629299481022e-02
4.645798729876841060e-01 1.188076505466367505e-01 5.519564320092165688e-02
1.174902488778311639e-02 9.785700799075528478e-01 1.149724422327375213e-02
1.036374130403098191e-02 9.808662240275333177e-01 1.016544379968305385e-02
