6.796447130315361740e-01 4.276765132085868365e-02 2.906680810899779990e-02
6.591114206560499955e-01 4.969107477216327950e-02 3.275195488700654439e-02
6.467258758471696733e-01 6.556781125159287515e-02 4.240440015906830895e-02
6.671310047879102090e-01 4.611749472530948801e-02 3.076641059439686951e-02
6.389038742684902683e-01 5.193080009578195100e-02 3.317878937505757547e-02
1.193712148796895606e-01 7.714998101368235606e-01 9.209486961548246642e-02
6.900136113585561004e-01 4.207055994604910060e-02 2.902925900024996148e-02
1.122954785224974661e-01 8.100489272819401121e-01 9.096483191576121285e-02
6.605468509328346061e-01 5.037857107371604415e-02 3.327740647723912565e-02
6.596801298047407780e-01 5.263619081027141877e-02 3.472304918614695091e-02
