5.517976695424084976e-01 9.959454424575651943e-02 5.495603741394673725e-02
1.655256556389348432e-01 7.250309081493645502e-01 1.200112164299159123e-01
7.846244524754120847e-03 9.830298979790794700e-01 7.713092954687954077e-03
5.925484221491292836e-01 8.907122416140060561e-02 5.277901333572933285e-02
5.549353363413496165e-01 9.760824989033753396e-02 5.416626698258496242e-02
5.542472803525908542e-01 9.782085053662051277e-02 5.421694037169919739e-02
5.783590111922238819e-01 9.244694119766719287e-02 5.346752149882846167e-02
7.317926724448072483e-03 9.837069162717756443e-01 7.198695131609629191e-03
5.806954501763612608e-01 9.321890160598590713e-02 5.413179203303391390e-02
5.470710596275613069e-01 9.993039967167344217e-02 5.466902963738809462e-02
