3.589397141431023286e-01 2.877488993577500542e-01 1.032845076804631279e-01
3.544799994493242901e-01 3.034933609133591004e-01 1.075823264094411119e-01
3.433268271095897828e-01 3.268872617607296860e-01 1.122291664028532560e-01
3.623144169127848757e-01 2.924582345432809038e-01 1.059618347198913041e-01
3.545715871804572816e-01 3.034107975412597691e-01 1.075808480518928578e-01
3.589318603880332637e-01 2.877514868719888153e-01 1.032831765123856799e-01
3.312371097313623891e-01 3.418439248251404772e-01 1.132313936383046449e-01
3.527771900342316913e-01 2.873265748641975481e-01 1.013622617027519213e-01
3.553474949097785163e-01 3.053023306923736691e-01 1.084884184016517705e-01
3.508101281496094348e-01 2.987843308271412868e-01 1.048165693865647369e-01
