5.845481013192185271e-01 6.246008409278498708e-02 3.651092356467618844e-02
5.916171860441328256e-01 6.221992397223025800e-02 3.681037633633074679e-02
5.972776727153865650e-01 5.951663514550251111e-02 3.554795732755652166e-02
5.910090340272996512e-01 6.098344531396118068e-02 3.604176710666084915e-02
1.482337315120797099e-03 9.903176486708541448e-01 1.467984804447494815e-03
5.826770440154569464e-01 6.347654203775737747e-02 3.698632387888335649e-02
5.908284600900850503e-01 6.076173320025343716e-02 3.589976125911033267e-02
5.902138918215165120e-01 6.265083758286808802e-02 3.697739467566230759e-02
5.922833056925379536e-01 6.169368733163038687e-02 3.654014107313989512e-02
1.979396142398741256e-03 9.897684282221569374e-01 1.959143808691003047e-03
