4.314497031864892862e-01 2.051791488488021176e-01 8.852448287087218148e-02
5.949950751313389796e-01 1.297202234419412015e-01 7.718289409289189051e-02
4.498925228679629407e-01 2.084230336715396925e-01 9.376796444228338578e-02
9.232906462088208768e-03 9.803218603675520892e-01 9.051220039513906482e-03
9.256707023060566780e-03 9.803218398950430679e-01 9.074552060216100821e-03
4.389386194804623109e-01 2.038248781953225230e-01 8.946661065082825437e-02
4.397909590054763784e-01 2.049818600025587467e-01 9.014916878925161026e-02
8.356909201739490603e-03 9.813244306367449044e-01 8.200839164279979943e-03
4.409806657868135527e-01 2.041583344243408371e-01 9.002987824037275710e-02
3.278577041890975985e-02 9.491015862785917578e-01 3.111702671195298170e-02
