6.211196846548933115e-01 7.672133120649710092e-02 4.765312904528310606e-02
3.403306895070641880e-01 3.917474311889853622e-01 1.333236733691685605e-01
3.867893617303402309e-01 3.265777342882476009e-01 1.263167934006919346e-01
3.543726382351030102e-01 3.894311194927908004e-01 1.380037332255099336e-01
6.100408304573716745e-01 8.136907865756334846e-02 4.963846031781114082e-02
3.968467231726670041e-01 2.778776378470814712e-01 1.102748300225753625e-01
3.768268463391569179e-01 3.291173339498041917e-01 1.240202470278558566e-01
4.115850897818327248e-01 2.630691482250318014e-01 1.082753389910299791e-01
4.821120223962725437e-01 1.110621264101650518e-01 5.354438637523514788e-02
6.262270613576734757e-01 5.012528343549939314e-02 3.138980894553325407e-02
