6.065066935627956290e-01 6.091193628862374976e-02 3.694349707692085732e-02
5.971554300102999147e-01 6.150358683767458839e-02 3.672720084522738959e-02
5.321640263837628532e-02 9.195717332341013517e-01 4.893629961065548706e-02
5.919598399656355037e-01 6.392429242756964003e-02 3.784061391534061097e-02
5.917710606553515662e-01 6.401654727258063171e-02 3.788314007898849201e-02
5.972575194206761751e-01 6.372453847529087334e-02 3.805995977597966679e-02
5.937693835037972656e-01 6.290724120737545277e-02 3.735239382962799587e-02
5.512046240733803337e-02 9.149031625155077396e-01 5.042988537579072561e-02
5.321640263837628532e-02 9.195717332341013517e-01 4.893629961065548706e-02
5.934238422255005974e-01 6.367674425797172078e-02 3.778729823797616350e-02
