2.614345287312866417e-01 5.105717318097799939e-01 1.334810800892066995e-01
1.438642645973661482e-01 7.557145624189821609e-01 1.087203197679272315e-01
2.625776580271349525e-01 5.095506574904523633e-01 1.337966182900297840e-01
2.342365522148807389e-01 5.162401327199560574e-01 1.209223088032749527e-01
6.559214813600166005e-01 4.408952962173756651e-02 2.891926958195643535e-02
2.269207555548872768e-01 5.870174060202466571e-01 1.332064332979844001e-01
2.627693807841530171e-01 5.093238837412357167e-01 1.338347215492644571e-01
5.942908490602101246e-01 7.905373790395339717e-02 4.698091302032378347e-02
5.882790504151114153e-01 8.268109862629538509e-02 4.863955818715522128e-02
8.929990272630093651e-02 8.520208214184161744e-01 7.608537647344758292e-02
