3.693532546587023346e-01 3.338635437819561513e-01 1.233135865077536614e-01
3.884708333529674484e-01 2.637458642471723902e-01 1.024575756774976781e-01
3.597701841701478886e-01 3.244549135734110523e-01 1.167292040112155038e-01
3.105800297737397186e-01 3.623637454138705083e-01 1.125429428395637449e-01
3.890429306418058397e-01 2.884948705747636954e-01 1.122368899235345469e-01
3.663189130953350969e-01 3.038950823062632201e-01 1.113225162454477418e-01
2.091811033345225730e-03 9.894940159518899048e-01 2.069834499997240222e-03
4.089477040027491572e-01 2.577252057976811561e-01 1.053961311745977292e-01
3.866416660283858442e-01 2.627780099002954284e-01 1.016009275434738984e-01
3.940942629024605237e-01 2.777648718072361911e-01 1.094655424150691864e-01
