6.147696992912232705e-01 5.434012227132025558e-02 3.340666062818786058e-02
5.562159858581873229e-01 6.858883169561091897e-02 3.815020464043551024e-02
4.569141530792832917e-01 1.153674223190065962e-01 5.271300806182890181e-02
5.348266284596431275e-01 7.908942613523814447e-02 4.229913112671739722e-02
5.339845880039678638e-01 7.943779112224261252e-02 4.241855616435597637e-02
5.761040753295493255e-01 6.278151418282713891e-02 3.616868617608661601e-02
5.676692435457696417e-01 6.145491280923329885e-02 3.488606386658869851e-02
6.043225651390614628e-01 5.217757536957208508e-02 3.153208619007651786e-02
5.522656179013326616e-01 7.037762411038150923e-02 3.886714206574757441e-02
5.491955363936978918e-01 7.644148080976206905e-02 4.198132005604584410e-02
