1.891406446648924711e-01 6.331920848930471246e-01 1.197623591333782517e-01
3.890750694090014394e-01 2.451759034536479254e-01 9.539183165364270578e-02
3.873798066131179940e-01 2.452157422011174703e-01 9.499162679236108908e-02
3.633716186635585488e-01 2.531824081894703538e-01 9.199930148094564997e-02
3.858450089000510785e-01 2.439861812166673194e-01 9.414085026303448123e-02
2.139772836848408966e-01 5.660293451929847564e-01 1.211174217703040318e-01
1.890877897640714511e-01 6.333887195886011012e-01 1.197660730485038127e-01
3.494563235796614431e-01 2.507793424659776060e-01 8.763642704788540683e-02
3.488488032210740331e-01 2.556041235117469390e-01 8.916719258544450466e-02
3.670377943301154078e-01 2.518957118397324169e-01 9.245524647486971781e-02
