4.932164125873227944e-01 1.492955853360234675e-01 7.363503301455801009e-02
4.930408405223014046e-01 1.479718644103617808e-01 7.295617240253679525e-02
5.054547606173953600e-01 1.428378859309431259e-01 7.219808944031967657e-02
4.824026947778884411e-01 1.568717527594918337e-01 7.567535626570952301e-02
4.919973132085892487e-01 1.485762948896481583e-01 7.309913789219393832e-02
4.942225462174204553e-01 1.486757001926720390e-01 7.347888310988021088e-02
5.001490036647047166e-01 1.394380192046754119e-01 6.973978637819837345e-02
1.496147760344577748e-01 7.236154335717066566e-01 1.082635610289079536e-01
2.908542158152185864e-01 4.885871480843343440e-01 1.421076318134631422e-01
2.680775445698336257e-01 5.347324369121828624e-01 1.433497586892614473e-01
