5.508349792358209207e-01 1.005028677106443169e-01 5.536049504853322173e-02
5.542016448036259924e-01 9.887650374336587333e-02 5.479752100700525236e-02
1.877510654720570549e-01 6.786508076337289808e-01 1.274174122167046341e-01
5.470282559113091025e-01 1.012409395622381192e-01 5.538165459555337289e-02
5.558611719227229964e-01 9.940378445290140585e-02 5.525470411954352956e-02
5.731101702070102721e-01 9.414196985021433539e-02 5.395372036447956821e-02
5.798412256613919569e-01 9.337081283905523943e-02 5.414024655759822058e-02
8.234219033179389011e-03 9.827860965572317031e-01 8.092475981815634017e-03
2.353854352080878704e-02 9.648715190876409054e-01 2.271167024403332110e-02
5.698885144291372384e-01 9.589578391819962577e-02 5.464990583716033273e-02
