1.109444249314208049e-02 9.801848786656476298e-01 1.087460476900347500e-02
1.333559109410343939e-02 9.779912500625079774e-01 1.304209140444467091e-02
5.799318247708898921e-01 8.424056274514656051e-02 4.885378327251949093e-02
1.233681951007829271e-02 9.789305036746043243e-01 1.207688893674362801e-02
1.007879620099658667e-02 9.814396643436901213e-01 9.891730360494548763e-03
1.294882994644397899e-02 9.769014361075143427e-01 1.264973057059311061e-02
5.799318247708898921e-01 8.424056274514656051e-02 4.885378327251949093e-02
5.849490139609387906e-01 7.862235215183506487e-02 4.599006736650561311e-02
6.233209484570624292e-01 5.314316893933073577e-02 3.312525046727753802e-02
1.157617038435367410e-02 9.801842688576793972e-01 1.134678010435962760e-02
