3.448114448637976115e-01 3.191367097178168244e-01 1.100419899868787799e-01
3.525715180770737089e-01 3.204817121527601120e-01 1.129927237696383979e-01
3.226293211541295669e-01 3.440292101614617071e-01 1.109939105315837643e-01
3.573846187821743126e-01 3.071426094596144130e-01 1.097680443934865441e-01
3.858338385702769213e-01 2.826409108681732785e-01 1.090524275772667973e-01
2.598094013554282378e-01 3.989724529993275981e-01 1.036567941710620361e-01
3.456317538636732301e-01 3.111688640770343683e-01 1.075498402387123353e-01
3.006544337279939971e-01 4.126106801889725118e-01 1.240532304023379551e-01
3.022165297235729908e-01 3.601828156518965818e-01 1.088532006123816148e-01
3.553779432608906719e-01 3.166171927359500149e-01 1.125187667555389293e-01
