3.572636354068760567e-01 3.020269196046618809e-01 1.079032352887017848e-01
3.300125215734996398e-01 3.362004288869124835e-01 1.109503512910620382e-01
3.293352533171257090e-01 3.272376606641980157e-01 1.077708978697472786e-01
5.480993120479119574e-01 1.532122483707583638e-01 8.397552792932648502e-02
3.350437538859793452e-01 3.156108954270109845e-01 1.057434591711810257e-01
4.845966414251272614e-01 1.797679546963453223e-01 8.711494708171337031e-02
3.316306290174604876e-01 3.299354271412558992e-01 1.094166932379991991e-01
3.309472783618646052e-01 3.340572424077065117e-01 1.105553351919001254e-01
3.297016450654788877e-01 3.304649215780876004e-01 1.089548282807299567e-01
4.633654141354385247e-01 1.878555384300714670e-01 8.704575936228585442e-02
