6.028734967966635772e-01 5.670964354154660325e-02 3.418874110398453098e-02
6.073108617445927004e-01 5.256941302705306351e-02 3.192597552686701062e-02
6.049098600071654008e-01 5.368204910527124563e-02 3.247280080916740974e-02
6.048176117492252146e-01 5.484589577712313535e-02 3.317176369816653148e-02
5.925517679433101037e-01 5.738128096299670300e-02 3.400137948147550354e-02
5.994726019289419172e-01 5.520167406525917919e-02 3.309189118273431207e-02
5.969959188805694650e-01 5.673986168622417725e-02 3.387346586452381902e-02
6.112947551792033973e-01 5.236850983591689879e-02 3.201259539924652259e-02
6.107619195642933763e-01 5.376294810384392442e-02 3.283636138533919946e-02
6.017337525334609527e-01 5.514521324284640813e-02 3.318273609887587711e-02
