3.133161281110634633e-01 3.367384173456394736e-01 1.055055771089831312e-01
4.223535608081054327e-01 2.161991545489767574e-01 9.131248276746223302e-02
4.283798080444169432e-01 2.165655470986472264e-01 9.277230749515263941e-02
3.328771241251866631e-01 3.196115374113670526e-01 1.063913694107253699e-01
3.061624732117747549e-01 3.512453043654643059e-01 1.075381310885531322e-01
4.269729140952114310e-01 2.638953421422060575e-01 1.126761632506105698e-01
3.093645515868448936e-01 3.429791433515673171e-01 1.061055888865978236e-01
3.160515226697548363e-01 3.345035635333174495e-01 1.057203605931640589e-01
3.138000261862394780e-01 3.353467316430100986e-01 1.052318131710463928e-01
3.139837891180381479e-01 3.344452380226127231e-01 1.050103830868241023e-01
