6.900363962342216384e-01 3.364479202062924112e-02 2.321613103796489608e-02
6.845958112880502489e-01 3.479936931582226778e-02 2.382350246907782854e-02
6.955467589767706516e-01 3.316283381067718083e-02 2.306630157550178251e-02
6.971408381997150627e-01 3.299325039865556169e-02 2.300094223785182149e-02
6.965029519479812858e-01 3.289810167408404457e-02 2.291362492948436150e-02
6.918969131442925802e-01 3.312937479457793433e-02 2.292211215476880337e-02
6.887433578348994834e-01 3.387609897735050640e-02 2.333193816000779172e-02
6.850237146229021246e-01 3.474766756039358861e-02 2.380297630670253142e-02
6.958507743340841545e-01 3.333849019891577115e-02 2.319861422004481505e-02
6.963167436881589900e-01 3.309942346738321828e-02 2.304768276676371491e-02
