5.081996379889135440e-01 9.528450937164631429e-02 4.842355316862189535e-02
5.524583938969599428e-01 8.602279979165518287e-02 4.752401781141755988e-02
5.551603152303151711e-01 8.156568696537663810e-02 4.528203248767570521e-02
5.372480167564446241e-01 8.451912254105883870e-02 4.540773096317877316e-02
5.264051726099193695e-01 8.602511369206809755e-02 4.528406482186104337e-02
5.510654724526219406e-01 7.997679546639503700e-02 4.407245057893569018e-02
5.354658022820226737e-01 8.296695550096769289e-02 4.442596739022253854e-02
5.523326350782523653e-01 8.618335997171133744e-02 4.760188231307289908e-02
5.261970150495425269e-01 8.612372837929349600e-02 4.531804879812181136e-02
2.969735809045704819e-03 9.888259298148357468e-01 2.936551772684032561e-03
