4.516980914231658595e-01 2.145457756914534442e-01 9.690991740273217914e-02
5.139757372004993830e-01 1.688001575197416448e-01 8.675918540076962837e-02
4.207074695511833773e-01 2.197354194057754562e-01 9.244433226897179334e-02
4.321061510767587044e-01 2.196410477957431717e-01 9.490824778148497509e-02
4.213411686065565709e-01 2.194774885164545719e-01 9.247490149435506901e-02
4.265896226095280963e-01 2.199434173246047619e-01 9.382557939195308727e-02
4.137987102617058377e-01 2.213469516645118207e-01 9.159308311913513800e-02
1.446896435926141589e-01 7.286075119886115115e-01 1.054219612285335478e-01
4.543160383875398112e-01 2.128641464039711662e-01 9.670759570899746527e-02
4.188401517193940382e-01 2.193019480509630637e-01 9.185246119402404319e-02
