5.958125351477480125e-01 6.404325386644273144e-02 3.815777344527605808e-02
1.188851183669588363e-01 8.126787834822102319e-01 9.661541336859867657e-02
5.759553406794785113e-01 6.779682703509046227e-02 3.904794461198320826e-02
5.853000997764676860e-01 6.765985220899592423e-02 3.960131824878636991e-02
5.850622615131721993e-01 7.125014116350776583e-02 4.168576872225461527e-02
6.006230293897719674e-01 8.164454713752355985e-02 4.903759523489543276e-02
5.783246002374634598e-01 6.649749845158431372e-02 3.845713920880384357e-02
5.878878307171447881e-01 7.004907800936994999e-02 4.118100051466454942e-02
5.878084196168725795e-01 7.011282361410745012e-02 4.121290804348504144e-02
6.021720069783933482e-01 8.161192920991637567e-02 4.914441920571390593e-02
