3.303524836697242506e-01 3.476922624815165230e-01 1.148610024635146609e-01
4.074628709073654376e-01 2.455895306236682840e-01 1.000686152127122225e-01
3.560919268638735313e-01 3.085630040572482913e-01 1.098767946736507739e-01
2.134196465127118358e-01 5.887613658700013852e-01 1.256532425843170930e-01
3.356378450445577366e-01 3.105123814135576921e-01 1.042197065573002845e-01
3.405285332322265934e-01 3.169650954747321725e-01 1.079356590478232070e-01
4.017875562706699766e-01 2.575788844449069526e-01 1.034919905280444474e-01
4.074560627972382831e-01 2.455900709489310663e-01 1.000671633709458580e-01
4.151488545868259328e-01 2.409845362037345562e-01 1.000444541781178864e-01
4.122147194589205199e-01 2.384609828282008848e-01 9.829712713842529703e-02
