5.536726690801390127e-01 8.803894618858404408e-02 4.874475831923606034e-02
5.390353525645209531e-01 9.149783532915545248e-02 4.932056792554179170e-02
5.567516326632021562e-02 9.160996641540006813e-01 5.100399836999510578e-02
5.406295541029556562e-01 8.948196887957905743e-02 4.837659693562137986e-02
5.438245410840210070e-01 8.911671020318805148e-02 4.846385402916643381e-02
5.440771166926643421e-01 8.905272015142987052e-02 4.845154721362868872e-02
5.485571623463115776e-01 9.254857379809036666e-02 5.076818302187865312e-02
5.451096447889874907e-01 8.917626722278916562e-02 4.861084334942242929e-02
7.559239432608168274e-02 8.659066214411919038e-01 6.545595477754771740e-02
5.603823058033634286e-02 9.148867182395788999e-01 5.126863287159672683e-02
