6.672948631954092047e-01 6.495278019704088524e-02 4.334265657574588176e-02
7.020225464900585743e-01 3.838996145438769436e-02 2.695061849986444061e-02
6.771608937624367108e-01 3.895053562686288939e-02 2.637577951761210793e-02
6.832414384480527403e-01 5.080481310412866824e-02 3.471195358534934911e-02
6.513412735004479037e-01 7.513528064578714472e-02 4.893870938064055764e-02
6.806598025679185815e-01 4.787509435448904227e-02 3.258665227124698388e-02
8.801106966575582280e-02 8.503158572389962755e-01 7.483720814935818089e-02
6.503093705260092339e-01 7.561023045132550524e-02 4.917004137012798148e-02
7.040113044520414087e-01 3.705090148184660842e-02 2.608425348335890320e-02
6.866651147319713377e-01 5.154590811541823886e-02 3.539477691003731913e-02
