4.765095299152620756e-01 1.908998688891777873e-01 9.096560678526727228e-02
3.918752044744154284e-01 2.558827405991987436e-01 1.002741012937848064e-01
3.602831667877821054e-01 3.978172784176920440e-01 1.433268688712228955e-01
3.946189883848878477e-01 2.552727165592258984e-01 1.007354611708639325e-01
3.853699803658418022e-01 2.595052415770095489e-01 1.000055298513652102e-01
3.948381097806509255e-01 2.566068144652454697e-01 1.013181495802917137e-01
3.942336405215814410e-01 2.705708500105844516e-01 1.066681312186914810e-01
3.861593007916345188e-01 2.572628577855350929e-01 9.934444528211994196e-02
3.603203970463728090e-01 3.977299579516607175e-01 1.433102163663795559e-01
3.863443579093624458e-01 2.580825230438276718e-01 9.970872665299583548e-02
