4.302561491611157918e-02 9.388803522044743000e-01 4.039590448625292318e-02
4.682219260861738008e-01 1.088492048406024537e-01 5.096558434341535299e-02
3.332626441700949071e-02 9.354600320260478830e-01 3.117538837884423902e-02
3.377440852088690881e-02 9.510129803707660923e-01 3.211990090770845685e-02
4.709000790171208317e-01 1.072955270557490043e-01 5.052547216873583269e-02
4.652316544709613755e-01 1.103230890338531278e-01 5.132579323756666922e-02
4.689811644551117320e-01 1.072006128836412303e-01 5.027506826047171973e-02
4.664648720786247482e-01 1.095582568694476178e-01 5.110507827576399320e-02
4.595997576519228467e-01 1.131145994569516255e-01 5.198744249730929273e-02
4.637099984609431291e-01 1.089241885620861050e-01 5.050923531048442938e-02
