4.018636939635324978e-01 2.530201038757957099e-01 1.016795935905639714e-01
6.511833569448496895e-03 9.844300580553150271e-01 6.410444698818733300e-03
4.098814858777317105e-01 2.326813533840639825e-01 9.537177886110172198e-02
5.949540838997784999e-03 9.850394791861041277e-01 5.860532609442835501e-03
5.949540838997784999e-03 9.850394791861041277e-01 5.860532609442835501e-03
4.093626421850605213e-01 2.327439704276369203e-01 9.527668668689903697e-02
4.056368081690414074e-01 2.456259807681179796e-01 9.963493884216972907e-02
3.997180305111209253e-01 2.534037683581183975e-01 1.012900552122033837e-01
4.361836823187480866e-03 9.870415939481523848e-01 4.305314370500716234e-03
4.015038169819423568e-03 9.873902781219351388e-01 3.964409655168185664e-03
