5.865422483766862261e-01 6.267979583408821165e-02 3.676434837631775004e-02
6.004208643008173141e-01 6.179783669638719279e-02 3.710471052116556118e-02
5.914908747607512396e-01 6.190090670503551468e-02 3.661382145544510996e-02
5.781125438850177600e-01 6.497346845999779630e-02 3.756197713644229136e-02
5.949782703835868602e-01 6.230587207911568448e-02 3.707064000437326756e-02
6.028409812050743444e-01 6.748351865819762763e-02 4.068183060307879739e-02
5.778340706783501313e-01 8.912876187801260786e-02 5.150163529049337635e-02
5.859182716307281824e-01 6.343010364677298396e-02 3.716485669807517711e-02
5.859267486293565641e-01 6.276018399881558296e-02 3.677287055380618758e-02
5.779824748410244961e-01 6.479606624071962417e-02 3.745099072577409011e-02
