1.189377843298307230e-01 7.722462703550642127e-01 9.184926035300677860e-02
4.131537166079716772e-01 2.229881759333139368e-01 9.212839364648091334e-02
2.850523069874803528e-01 3.812519624361552228e-01 1.086767514359302522e-01
4.116023648930491885e-01 2.439826238724364937e-01 1.004238249787061804e-01
4.232409767866094352e-01 2.282865625912248453e-01 9.662022773836745348e-02
2.978116556569225803e-01 3.701757821393391601e-01 1.102426625630128637e-01
3.001677485698533432e-01 3.781462123385809226e-01 1.135072971878895304e-01
2.966468216080589970e-01 3.541282102289350364e-01 1.050510080061640983e-01
4.064333241672721253e-01 2.200538584416485699e-01 8.943722118227356854e-02
4.109134911219728403e-01 2.437970922392646289e-01 1.001795142974218622e-01
