1.062562010036047500e-01 7.839347523271583684e-01 8.329792861698565032e-02
2.953645729466513048e-01 3.834030785851397782e-01 1.132436865727312059e-01
3.065282514063553676e-01 3.423496478697561907e-01 1.049398389310978591e-01
3.083283669761839874e-01 3.405508268530648697e-01 1.050014803159946830e-01
4.323849027399785383e-01 2.612335884043625045e-01 1.129534597146358704e-01
2.950264491447389115e-01 3.806685446431455344e-01 1.123072890271627489e-01
3.041054387270579751e-01 3.736193332811235113e-01 1.136196712643669643e-01
1.063180229320784959e-01 7.838863762907052335e-01 8.334124973061911301e-02
2.949883118749153654e-01 3.806689168463502915e-01 1.122928811637574076e-01
1.062601430958744902e-01 7.839816128589288668e-01 8.330599836692426097e-02
