5.506964768144850808e-01 9.610023314735807731e-02 5.292205981530068853e-02
1.076790822000478530e-03 9.906944148140818251e-01 1.066770653278938195e-03
1.221290396512805104e-03 9.905972000327010196e-01 1.209806847212411890e-03
5.484720738999667722e-01 9.572587797350662342e-02 5.250297081802432486e-02
5.600831709189779684e-01 9.372752001283458922e-02 5.249520661116036102e-02
5.777452009508047270e-01 8.895069767755295342e-02 5.139083870443211105e-02
5.862384041248328570e-01 8.782985480265173561e-02 5.148923391402233929e-02
5.603961843534208676e-01 9.317272376303062376e-02 5.221363888261766617e-02
1.663476676030397339e-01 7.179136822758529490e-01 1.194232665868978638e-01
5.793811112129602092e-01 9.010371218049970099e-02 5.220438888755065537e-02
