5.573442492602266318e-01 7.592560469092854425e-02 4.231669914609430955e-02
6.043649173510372563e-01 6.481480498398298207e-02 3.917179425726847325e-02
4.709833969294727196e-01 1.116422592560424865e-01 5.258165050529176043e-02
4.589788089578702990e-01 1.230902116006350189e-01 5.649579871483169369e-02
4.836202433278035118e-01 1.375056095797694278e-01 6.650049636390603647e-02
4.990671942202274391e-01 1.014470630236870702e-01 5.062890110511408803e-02
6.043649173510372563e-01 6.481480498398298207e-02 3.917179425726847325e-02
5.496915913405995280e-01 8.513860416992061197e-02 4.679997481068106507e-02
5.709791322019848181e-01 7.736449418770867392e-02 4.417351175454339862e-02
5.338148853774881131e-01 9.077333454545098712e-02 4.845615717571229858e-02
