3.206179490107968211e-01 3.330877224579313345e-01 1.067939024151394745e-01
3.437461246502110379e-01 2.998724296909640596e-01 1.030799855957117706e-01
2.858515000177027643e-01 4.328833321368528164e-01 1.237403498239808136e-01
3.352362815557373144e-01 3.013642563940582830e-01 1.010282327073539349e-01
3.224983088579544965e-01 3.065110426104953323e-01 9.884929288817317916e-02
4.132292808028106834e-01 2.505927094024323343e-01 1.035522450807948441e-01
3.315281183507470808e-01 3.053170639079177962e-01 1.012211916977667769e-01
3.302934540241739270e-01 3.131992192495486327e-01 1.034476519236079556e-01
3.470275501975229604e-01 3.059001883898888052e-01 1.061557929819038626e-01
3.362767071025872245e-01 3.031764536201014826e-01 1.019511794944079897e-01
