5.849232393060168622e-01 8.412991829703216073e-02 4.920954433285058827e-02
7.625022184376393022e-03 9.822549704716712071e-01 7.489715940560471609e-03
7.771847482868800630e-03 9.833442112131605128e-01 7.642401232710607784e-03
5.885458866353086016e-01 7.758292611947220641e-02 4.566111204074640995e-02
2.534639112700019445e-03 9.886795592038696290e-01 2.505945880685142308e-03
7.625022184376393022e-03 9.822549704716712071e-01 7.489715940560471609e-03
5.838802259083132329e-01 8.301972561444491416e-02 4.847357614660827846e-02
5.146275605264605257e-01 1.168320821487076611e-01 6.012500942741646343e-02
6.254698712314712417e-01 5.295290955213677320e-02 3.312044951890673328e-02
3.714404978914674291e-03 9.874229879097327078e-01 3.667688862586715275e-03
