3.715123416778228771e-01 2.103104321469264626e-01 7.813292112617953311e-02
3.702279189638948975e-01 2.178397608517821382e-01 8.065036132774784650e-02
4.390908541277665500e-01 1.318934728273734591e-01 5.791321763764878394e-02
1.945869460247450777e-01 5.679048899131274863e-01 1.105068781607145278e-01
4.924073371504964491e-01 1.086805618990871747e-01 5.351510608474921438e-02
4.398581951956127556e-01 1.315469566377757138e-01 5.786200693016755464e-02
3.732551806743830136e-01 2.012532886670745369e-01 7.511883262274265949e-02
3.716775226346112349e-01 2.102960977918383878e-01 7.816233264699642969e-02
3.697152627288430859e-01 2.178437938798281626e-01 8.054017548812861249e-02
4.927691606840211014e-01 1.084080347431435332e-01 5.342013629178303524e-02
