4.371622396097424312e-01 2.085079374405365282e-01 9.115179690791301581e-02
4.290310100730650444e-01 2.103632473704040162e-01 9.025235650157448219e-02
4.385375991728911460e-01 2.033084216984041293e-01 8.915838714324787750e-02
5.280606082030586679e-01 1.609358832277806850e-01 8.498390037895829641e-02
4.366383747682297534e-01 2.085453434739490686e-01 9.105889983994737424e-02
5.571114773371451667e-01 1.475021164584096045e-01 8.217512201050021503e-02
4.373556102587899397e-01 2.883643009933309909e-01 1.261177448377876487e-01
4.473659435312070665e-01 2.064016394361695150e-01 9.233706417274997746e-02
4.424639630402543156e-01 2.812170456537385066e-01 1.244284084944252688e-01
5.253441942167066392e-01 1.629743261070363547e-01 8.561761602671179305e-02
