2.961110864381577557e-01 3.896040728814530452e-01 1.153660853016582610e-01
5.968223108899035623e-01 5.699754900753675052e-02 3.401740891373861153e-02
5.997609351481698603e-01 5.589098036701196925e-02 3.352122665126710394e-02
5.947227603422786668e-01 5.945155634977853515e-02 3.535719369898481651e-02
6.077317699483265612e-01 9.886319013345723494e-02 6.008230152254390166e-02
5.965023538004682324e-01 5.737707453970015969e-02 3.422556001711606066e-02
6.049917027666406044e-01 1.008495648482099771e-01 6.101314996079329478e-02
5.971228782716998529e-01 5.730010573182835881e-02 3.421520405986207269e-02
5.996854432821130398e-01 5.587203057433060699e-02 3.350564342203922463e-02
5.768934735420095938e-01 6.326373799183077073e-02 3.649643755935885053e-02
