1.991080285895530393e-04 9.915008429377978327e-01 1.974157781822249774e-04
5.613961288630026081e-01 7.804216493737445304e-02 4.381256928392997241e-02
5.634345110072086493e-01 7.893637890972660109e-02 4.447548005168154572e-02
5.600268599143981563e-01 7.865278866189469309e-02 4.404767425783166074e-02
5.768757647938507205e-01 1.289488243978989535e-01 7.438745169380592270e-02
5.580533290364617649e-01 7.922510717685314618e-02 4.421183480331337956e-02
1.991080285895530393e-04 9.915008429377977217e-01 1.974157781822249774e-04
5.570387294648225796e-01 7.929640540653640213e-02 4.417116891878452439e-02
5.737974059190915632e-01 7.711984387582687672e-02 4.425116636083480104e-02
5.613353504296227925e-01 7.808704125041118771e-02 4.383301666431197591e-02
