1.595215200775572939e-01 7.291006730880924547e-01 1.163072476605826744e-01
1.562951392517024085e-01 7.319680839530058325e-01 1.144030536092368461e-01
3.864342715962365005e-01 2.642290645943410343e-01 1.021071661110690976e-01
3.170258383706929806e-01 4.470894321285309725e-01 1.417389020472245575e-01
3.834029476298361216e-01 2.636469343303138313e-01 1.010830117558121632e-01
3.670443639011946035e-01 2.833155325337760044e-01 1.039893694221880188e-01
3.822833637225969694e-01 2.707141990999982206e-01 1.034895346394161531e-01
3.934414171095947377e-01 2.539903403158239037e-01 9.993031942600598405e-02
3.702652968914619813e-01 2.808041285277932397e-01 1.039720240176916083e-01
3.663794941214653655e-01 2.862387783958936227e-01 1.048720188266337311e-01
