6.750840475192043666e-01 3.926927456393158877e-02 2.651006081576187667e-02
6.192360984119951173e-01 7.733906224262261653e-02 4.789113915796407162e-02
6.496799589671663488e-01 4.641279380557519763e-02 3.015346197515764853e-02
6.198416042068591869e-01 5.815555132072189326e-02 3.604723022417058442e-02
6.189603890420724008e-01 5.889524744547069979e-02 3.645382527157766533e-02
6.358450767997237962e-01 4.572488344393017823e-02 2.907394202506420264e-02
4.661120001254324685e-01 2.096613176667224687e-01 9.772565612656967937e-02
6.235768806376845719e-01 7.693019899863591526e-02 4.797189351840570881e-02
6.054850497181315516e-01 7.897556397939288486e-02 4.781852328258018314e-02
5.690153175667177488e-01 1.011251495669891060e-01 5.754175909484213897e-02
