3.792588246102316929e-01 3.293160526276325273e-01 1.248960190448371171e-01
3.505703954628014984e-01 3.734432271971494521e-01 1.309181398414095143e-01
3.041559873553133508e-01 4.421554676706184184e-01 1.344842328339072857e-01
3.270251939588074697e-01 3.946269733750927822e-01 1.290529625093668753e-01
3.649528926964479836e-01 3.318158729535639062e-01 1.210971626770002280e-01
6.208412443978046369e-01 7.754641504772037675e-02 4.814401281681535832e-02
3.400509396572489185e-01 3.897224585956343135e-01 1.325254882509787346e-01
6.351234808575206836e-01 4.580660008454034982e-02 2.909284729194166683e-02
3.444805236534300152e-01 3.747194494489015648e-01 1.290835521692826060e-01
6.244400332829406208e-01 7.722604801846488787e-02 4.822303599496018806e-02
