2.925186741196739160e-01 4.038279396740779847e-01 1.181272134859409489e-01
2.610183644542964920e-01 4.509047292294783849e-01 1.176944149481858604e-01
3.695803968083135604e-01 3.041662046821715926e-01 1.124138666221156935e-01
3.261347976552170236e-01 3.510095517341156324e-01 1.144764291298542291e-01
3.271817488466859380e-01 3.464471989999233781e-01 1.133512004518307525e-01
3.096326818740548492e-01 3.645700719984656946e-01 1.128828091239021947e-01
3.693789556120532502e-01 3.039698187431989496e-01 1.122800541849479500e-01
3.169748913910373500e-01 3.644280822810451181e-01 1.155145518008783012e-01
3.696231253447290199e-01 3.040416472058009578e-01 1.123808238751676514e-01
3.683644581963478881e-01 2.985413853273110596e-01 1.099720356552820605e-01
