7.001733022886373892e-01 3.216277898947762781e-02 2.251951917584215507e-02
6.906029859849783792e-01 3.371131679790324853e-02 2.328113604211754298e-02
6.871359910010127470e-01 3.460856495091039348e-02 2.378079057466673044e-02
7.029002618810558101e-01 3.174559878212201980e-02 2.231398969752449238e-02
7.029078952882074072e-01 3.174336809892802647e-02 2.231266405977632566e-02
6.995603312353935177e-01 3.235181603893381996e-02 2.263204714426305872e-02
7.177008211866142684e-01 3.163190103774073114e-02 2.270224135048024006e-02
7.043655901160150723e-01 3.307470665374297181e-02 2.329668527007775977e-02
7.034127620416071869e-01 3.239401278701414810e-02 2.278636200812476226e-02
7.033903542496979799e-01 3.169933230386824674e-02 2.229700457869678021e-02
