3.491569815055357018e-01 2.727008665052502723e-01 9.521541140291722716e-02
4.372194930870757501e-01 1.349491666075234853e-01 5.900240621666474894e-02
4.523687730897637538e-01 1.154360755364135932e-01 5.221967586070470901e-02
4.568811013688905409e-01 1.141525706247055599e-01 5.215415219110553641e-02
4.601196560677776604e-01 1.130571533859204142e-01 5.201981853193168859e-02
4.462308511407745981e-01 1.182257215622224411e-01 5.275596435944274881e-02
4.520037788012129520e-01 1.153738566344858357e-01 5.214941917365699398e-02
4.468997688483667408e-01 1.180775069185461407e-01 5.276881054808969795e-02
8.078551651254481381e-02 8.568688798099595161e-01 6.922259503897326693e-02
4.368486964869072176e-01 1.412791317515613709e-01 6.171760454647160637e-02
