3.992131752713320991e-01 2.830438560600160303e-01 1.129948365187608689e-01
3.695614747967690961e-01 2.638243854460609050e-01 9.749932897279753319e-02
3.755202691985918273e-01 2.721542106584410869e-01 1.021994224499880727e-01
3.689226887930248111e-01 2.634250192166986970e-01 9.718346638477871891e-02
3.878801185396830165e-01 2.540774012701088047e-01 9.855157252290441816e-02
3.689709786733519903e-01 2.633759644920895537e-01 9.717808737768428295e-02
3.673345672613380075e-01 2.662845691301758411e-01 9.781552696980498618e-02
3.672617986858437988e-01 2.636741093680036174e-01 9.683742767338091029e-02
3.994704393944604748e-01 2.829568361038004576e-01 1.130328916480515117e-01
3.776539400221646248e-01 2.670095894688453431e-01 1.008372234866101169e-01
