6.325040890712855246e-01 8.118698113656140636e-02 5.135109754822841238e-02
2.300190481825226674e-01 5.312393802205475080e-01 1.221951765954035901e-01
6.362829551067556988e-01 8.045827798559510025e-02 5.119423087947527762e-02
6.196959439322924368e-01 9.277328355301606155e-02 5.749122752308451212e-02
6.370752087037105937e-01 7.957645329706880544e-02 5.069618559213118908e-02
6.309118067015734299e-01 8.290208742959476185e-02 5.230390575953743071e-02
2.370052601131777126e-01 5.284858038469724129e-01 1.252539154068735006e-01
2.044481828342517571e-01 5.989248559189862542e-01 1.224490984469027988e-01
6.309333111322389387e-01 8.221322302096489842e-02 5.187106101947059483e-02
6.280342437166714920e-01 8.428686863551901332e-02 5.293503979875462118e-02
