6.695572144909964774e-01 4.974995341699352258e-02 3.331044023093901463e-02
6.689961344453867476e-01 4.620555249498793648e-02 3.091133600906032300e-02
6.731934205074235900e-01 6.911125288100943009e-02 4.652524072252026827e-02
6.670776697583025161e-01 5.145580224830738347e-02 3.432501665934491186e-02
4.712370905735473875e-02 9.258380197748654616e-01 4.362892147810819993e-02
6.837426224648763817e-01 5.201819378068053834e-02 3.556705623148863349e-02
7.092293647326233241e-01 4.743755528034607205e-02 3.364410719594854854e-02
7.160456996737618596e-01 3.542735538358353364e-02 2.536760547322908579e-02
6.655770381507385425e-01 4.629371474724443269e-02 3.081203354646611450e-02
6.732227723471447822e-01 4.424897654621906540e-02 2.978941866396938795e-02
