3.283111206237283031e-01 3.549911046745594101e-01 1.165475273871598300e-01
3.379636412682024416e-01 3.196541184880967723e-01 1.080314698306146098e-01
3.148283008007249917e-01 3.474481799297002849e-01 1.093865201035720963e-01
3.432044040365024862e-01 3.305310322192446248e-01 1.134397059283758502e-01
3.463949606842020024e-01 3.123015491633718277e-01 1.081796828440615699e-01
3.179191066708259017e-01 3.412149559862227566e-01 1.084787539898651176e-01
3.262004072190259341e-01 3.387054451204261629e-01 1.104858541255844540e-01
3.802865368233753762e-01 2.768127267611045772e-01 1.052681532086157390e-01
3.406904440418132562e-01 3.371160152183890757e-01 1.148522049183596516e-01
3.553733961486787440e-01 2.966626453883347558e-01 1.054260118021036891e-01
