5.961917244633346824e-01 5.765993686971015303e-02 3.437637719479950948e-02
5.975354099041406686e-01 5.759347777926602380e-02 3.441414235263873939e-02
1.022082825157278121e-02 9.800761155509001288e-01 1.001718965051434998e-02
5.932301242163147137e-01 5.843363549168383020e-02 3.466459284114245532e-02
5.993153654616948378e-01 5.830800289267144831e-02 3.494488206296295085e-02
5.968112585233443790e-01 5.891389677439978767e-02 3.516047687844393865e-02
6.157687118084164135e-01 7.716212072916353581e-02 4.751401968180253566e-02
5.968177750657102099e-01 5.891157972049171354e-02 3.515947793439008068e-02
6.158221174771285611e-01 7.700419269836028535e-02 4.742088500212107011e-02
5.880866790435875791e-01 6.136803151419614744e-02 3.608972185262583621e-02
