3.639490145258316156e-01 3.035739739091636857e-01 1.104854486399306362e-01
3.487406819386906220e-01 3.198855122535588791e-01 1.115570916856134936e-01
3.661610802294381073e-01 2.940942340002821176e-01 1.076858624107924489e-01
3.603288713507703522e-01 2.968595610578185218e-01 1.069670705856488463e-01
3.582390422413888054e-01 2.994614275566379047e-01 1.072787749961290060e-01
3.513966178930236217e-01 3.923419536747155822e-01 1.378676355788364116e-01
3.617825819860206460e-01 2.954037160625611058e-01 1.068719191253786754e-01
3.759540868115960888e-01 2.829110025948906593e-01 1.063615476295152046e-01
3.617664755063347837e-01 3.012001971339036688e-01 1.089641337389455761e-01
3.946744111465423366e-01 3.029550630578001780e-01 1.195686111162008874e-01
