6.520389047503241109e-01 6.575516796551943155e-02 4.287492770191089070e-02
1.930414830066957410e-01 6.897995847330050667e-01 1.331599348142621653e-01
6.385547111423809374e-01 6.609852702480234488e-02 4.220752583125952223e-02
5.665603903415945553e-01 8.766732191259206386e-02 4.966883212300038375e-02
1.841336790831762937e-01 6.897384875845926633e-01 1.270040853242167533e-01
6.499579211491685049e-01 4.479038037597919686e-02 2.911186251665195263e-02
5.603804172694059060e-01 8.576629673454606861e-02 4.806175315175661295e-02
6.594871819617335040e-01 6.595133080677607895e-02 4.349405730038681528e-02
6.434559819997454078e-01 7.485412870598839863e-02 4.816533689324709738e-02
6.715369737350002088e-01 3.834937773097647079e-02 2.575302506608034836e-02
