3.694971246290176259e-01 2.707453769971059909e-01 1.000396383070300405e-01
3.700709548465477283e-01 2.702591437524810014e-01 1.000150593844910535e-01
1.538457341718479643e-01 6.742431197227874984e-01 1.037294277640694318e-01
1.382310900090889805e-01 7.415467907079221765e-01 1.025048211722978525e-01
3.704773156745015950e-01 2.698149426269220719e-01 9.996031567329174972e-02
3.705705966556838149e-01 2.730035990554553482e-01 1.011671065911291661e-01
3.726207342431225311e-01 2.695910174031992956e-01 1.004552028501305427e-01
1.544367724923030039e-01 6.735976307577583588e-01 1.040282440526902469e-01
3.787507657512397818e-01 2.715781016053609442e-01 1.028604139442984566e-01
3.752461487347590330e-01 2.829213990242110399e-01 1.061651653784852073e-01
