5.295634398099496876e-01 8.796799152550802137e-02 4.658463218542053391e-02
5.504231622618211972e-01 8.434684216433954718e-02 4.642645559089449148e-02
5.378730446985199309e-01 8.805967847406356852e-02 4.736492737601728786e-02
4.910329903795704887e-01 1.916622887990723501e-01 9.411250681200135360e-02
5.500467429370806682e-01 8.432839867594160710e-02 4.638456102880130633e-02
5.837189432401489464e-01 8.452807758347327671e-02 4.934064012114634107e-02
5.374947970767748329e-01 8.581384512997054792e-02 4.612449527451130404e-02
5.230054466449181039e-01 9.898167534959750880e-02 5.176795532587852300e-02
5.612881955613019391e-01 8.169368770929759382e-02 4.585370256310015991e-02
5.363338667362776979e-01 8.645685857939196250e-02 4.636974126775681576e-02
