2.981729778018519239e-01 3.418157158615796609e-01 1.019202098579189142e-01
2.875207363417879858e-01 3.519543280364695881e-01 1.011941675557249259e-01
3.758483341664893840e-01 2.651949777024847910e-01 9.967309059879821131e-02
3.646226700449178293e-01 2.307545435917446874e-01 8.413833780941833151e-02
3.858130311525034828e-01 2.266260273892234944e-01 8.743527456508659590e-02
4.009135625018634408e-01 2.294171083307084968e-01 9.197643019974027778e-02
3.773754490863197586e-01 2.339333286935453282e-01 8.828069497198431925e-02
2.558729482760309093e-01 4.676053513506085446e-01 1.196475598797295259e-01
3.739028890619975898e-01 2.464339349840986015e-01 9.214236025347094516e-02
4.065879544932422540e-01 2.228886506731816985e-01 9.062384055696777463e-02
