4.071709511105337520e-01 1.588760400387008165e-01 6.468970833123305342e-02
4.071205154859975361e-01 1.587858006483487683e-01 6.464495701181259546e-02
4.074736241063341424e-01 1.587043787774566894e-01 6.466784838199465812e-02
4.075760253046881165e-01 1.586683210567140789e-01 6.466940363806367165e-02
4.072403149285735435e-01 1.586086177246824325e-01 6.459182343258540460e-02
4.070422089912976715e-01 1.586563652087968346e-01 6.457983736511872797e-02
4.022028296048578144e-01 1.719709297817150206e-01 6.916719456798409160e-02
4.067503050273844067e-01 1.586271489624699882e-01 6.452164122610901109e-02
4.078858442984324983e-01 1.586174278982500629e-01 6.469780349872346348e-02
4.078234539093359978e-01 1.587007858198835053e-01 6.472190261119066534e-02
