4.820893024155410989e-01 1.774532424821396726e-01 8.554830987959058386e-02
3.263976179774192299e-01 4.446362138077256110e-01 1.451282010533401223e-01
1.591926241500840056e-01 7.696202390996245146e-01 1.225178654612843060e-01
1.744436696559939215e-01 7.493238033157746392e-01 1.307147940109899542e-01
6.023784371575752195e-01 5.408099906455799549e-02 3.257722769642873439e-02
5.837375013301704385e-01 6.075925384343734692e-02 3.546745502125367433e-02
5.508803380640728831e-01 7.136389950496374590e-02 3.931296908486495156e-02
1.547953624771452874e-01 7.761850448743689013e-01 1.201498453706672104e-01
5.859582326560596188e-01 5.375133736533292683e-02 3.149603864549010285e-02
4.900195955323049524e-01 1.713113376579258329e-01 8.394591238923493348e-02
