5.871577467084956314e-01 6.587627494516951066e-02 3.867976515835505613e-02
5.672915031043939127e-01 7.002646228715200816e-02 3.972541704796161977e-02
5.883089351923664889e-01 6.558329518435122851e-02 3.858323855631232840e-02
5.515403949273480766e-01 7.615564789153010661e-02 4.200291611404257525e-02
6.168074259369082935e-01 5.210883626507238631e-02 3.214111716522711354e-02
5.589862161823144771e-01 7.327309884306418275e-02 4.095865227023717109e-02
8.458235298566211396e-03 9.826768996615913299e-01 8.311712439803279479e-03
6.714739329437827697e-01 4.025575495372031576e-02 2.703069010239574771e-02
6.627966011144880154e-01 4.237564831678863886e-02 2.808643567439038369e-02
6.301169556977687103e-01 5.171811367560982808e-02 3.258846034370640327e-02
