3.221485553801149426e-01 3.275190876445512878e-01 1.055098009441054474e-01
2.959452773471759612e-01 3.575589225125181958e-01 1.058178744909245989e-01
3.444081739718421464e-01 3.093416536815760121e-01 1.065397940779015812e-01
3.929629337208661588e-01 2.530480028379122892e-01 9.943848556739208477e-02
3.476470915997502686e-01 3.030795475302161535e-01 1.053647232222479219e-01
3.650141122166553620e-01 2.842505461735755912e-01 1.037554607586470973e-01
3.082524463494990541e-01 3.791474033748927774e-01 1.168731146173710156e-01
3.726477010655088185e-01 2.966602704584627159e-01 1.105497677838182119e-01
2.668724779948487558e-01 4.355990394403780885e-01 1.162493950676295601e-01
2.897168302351459390e-01 3.579276487136632268e-01 1.036976638388413252e-01
