6.787905187431454435e-01 6.029792489536978106e-02 4.092965971886327464e-02
6.583469875888411371e-01 4.907271430796504574e-02 3.230687363745660817e-02
6.577586917397998389e-01 5.320569210643018992e-02 3.499650643303611752e-02
6.933008108071104791e-01 6.308128122497716483e-02 4.373430342002802146e-02
6.344618241150444815e-01 5.367268592540101746e-02 3.405327021738380200e-02
6.289274502064849948e-01 5.148966665695763750e-02 3.238326476254223263e-02
6.665101427702151415e-01 5.265542680715575019e-02 3.509537603886399293e-02
7.243260290514992317e-01 4.106189849632916472e-02 2.974220188316183122e-02
7.870082466480833316e-01 2.351488199017404482e-02 1.850640604522346688e-02
3.835697716127126761e-02 9.452929388768587238e-01 3.625857966721066777e-02
