5.818047216347064232e-01 6.500141363935146854e-02 3.781812936830528799e-02
5.780101167065420098e-01 7.685735384594513664e-02 4.442432806625074698e-02
5.673221704872382087e-01 6.874820036592807493e-02 3.900237824868985764e-02
5.890651662817895096e-01 6.333924687751900373e-02 3.731094399406904849e-02
5.828249052864462598e-01 6.586221222954938281e-02 3.838613760464294061e-02
5.852807538830453460e-01 6.394569367291622064e-02 3.742618380045868720e-02
6.099096530417048578e-01 5.988956591086017772e-02 3.652722436551104901e-02
5.736067363971368849e-01 6.708268859479826762e-02 3.847908207360767330e-02
5.849380320934911559e-01 1.078851978892328700e-01 6.310615534534473603e-02
5.907534238429265061e-01 7.124588377606642930e-02 4.208874977542645390e-02
