5.532721326942949824e-01 9.114101698922072448e-02 5.042578484555312185e-02
5.873835755628492583e-01 5.806548789882812894e-02 3.410671389881501925e-02
5.226846389691341965e-01 1.398411473020032825e-01 7.309281959057710443e-02
5.684225151674318077e-01 6.555635542733173615e-02 3.726370843721402148e-02
5.947925378376316408e-01 5.754645913974769378e-02 3.422820447530010302e-02
5.640130175929973788e-01 7.116538685619555604e-02 4.013820458893588988e-02
5.588598297343763122e-01 6.371220454986603610e-02 3.560619178673989083e-02
1.087260687769382034e-02 9.791511824362011396e-01 1.064592588045787727e-02
5.956769002356961940e-01 5.970761558977936978e-02 3.556644737498430159e-02
5.875928189897251519e-01 5.808230932299507376e-02 3.412874786853187237e-02
