2.960269557016267372e-01 3.640419910367446721e-01 1.077662423541664166e-01
1.400772794231675694e-02 9.745229815861428113e-01 1.365085279959405047e-02
1.351867043091951881e-02 9.750506447576380298e-01 1.318138831993409359e-02
4.168953484970174816e-01 2.102403516893199820e-01 8.764822468565457159e-02
4.290526555511309792e-01 2.115036783842776935e-01 9.074621486960668393e-02
3.000265760084258604e-01 3.699110614524362961e-01 1.109831491952168736e-01
3.070157451721242658e-01 3.498428529702178880e-01 1.074072641977933534e-01
4.302013517605519644e-01 2.281547200239374129e-01 9.815246896484815242e-02
4.220113790843785795e-01 2.148358832686736719e-01 9.066318737502354619e-02
3.069139453347096702e-01 3.731597881335793065e-01 1.145279428163411967e-01
