4.573304203530851320e-01 1.446577042654427214e-01 6.615636869902719042e-02
4.752253793039544205e-01 1.412382302081832131e-01 6.711999152290309967e-02
4.791408113072133657e-01 1.429322628487549596e-01 6.848468038332831964e-02
4.821206975161169139e-01 1.437058477905684695e-01 6.928356357393379572e-02
4.802274101644204429e-01 1.387261199318867988e-01 6.662008529704878390e-02
4.721778084076441173e-01 1.419159492086372321e-01 6.700956187542486675e-02
5.774292463537141762e-01 6.899239672315740646e-02 3.983822764398924077e-02
4.505863501937109605e-01 1.491313544109789668e-01 6.719655268348778687e-02
4.802270944486317084e-01 1.387287045052967294e-01 6.662128268120144636e-02
4.918346756590110114e-01 1.402481096284713402e-01 6.897888351090862569e-02
