6.039126595363890626e-01 5.701799028229932731e-02 3.443388615280337101e-02
6.031712876329538009e-01 5.375639591618130986e-02 3.242431454326993867e-02
5.421564719550512335e-01 7.342206103039793097e-02 3.980624557190899637e-02
5.430826395950907326e-01 7.749798148699658940e-02 4.208780834924958497e-02
5.423203668492503349e-01 7.782585710175729532e-02 4.220654737378234933e-02
1.120615308680641964e-02 9.777165930243151282e-01 1.095644181694128451e-02
5.588300596803271736e-01 7.068533482462890927e-02 3.950108987857128134e-02
8.261494508233831191e-03 9.821328638137568623e-01 8.113885260753317744e-03
1.005583719072484367e-02 9.792472615800428271e-01 9.847151031912054764e-03
5.422736538851907762e-01 7.785070594958740098e-02 4.221638677282432001e-02
