6.090719110641814593e-01 5.466647016027249839e-02 3.329581145165021877e-02
6.002071265838533343e-01 5.494565870049628736e-02 3.297877592688197579e-02
6.321936492862019197e-01 4.819023922209138278e-02 3.046556319378901020e-02
6.162719295913420270e-01 5.242855102856157357e-02 3.231024430804978198e-02
5.988877215681596144e-01 5.644152420410836202e-02 3.380213583243259212e-02
2.149427402515755731e-03 9.894757101018897272e-01 2.126806205416737622e-03
5.954851038201477431e-01 6.008156210979662126e-02 3.577767525062889448e-02
6.185982161525213074e-01 5.133987440755920229e-02 3.175875472601060595e-02
5.955241352018720846e-01 6.007307147675653575e-02 3.577496394011568659e-02
6.168031349395205476e-01 5.165529309164275384e-02 3.186114671514500563e-02
