7.002010212021908412e-04 9.910642450490458888e-01 6.939441964603202838e-04
5.627625980153728724e-01 7.793012652635400439e-02 4.385616046763770454e-02
5.683323840978725672e-01 7.788341332591991462e-02 4.426366597720008539e-02
1.547386960318388599e-03 9.901883864173036676e-01 1.532204597400841587e-03
6.010755050157120527e-01 1.034684697774514855e-01 6.219236272468459115e-02
5.600487707918849756e-01 7.898637230923748198e-02 4.423622072109863190e-02
5.626317527801361074e-01 7.797411095220987964e-02 4.387071071651465343e-02
5.523653166745733367e-01 8.000068287246285548e-02 4.418960252903005731e-02
5.610016669093228492e-01 7.853117400570477913e-02 4.405611952154646349e-02
5.578389817018384322e-01 7.876305833865998585e-02 4.393710425936057928e-02
