3.754242503909057671e-01 2.641818432304554598e-01 9.918027046168152727e-02
3.806682764214484038e-01 2.625141239001927973e-01 9.993079908137295075e-02
2.642337021637415906e-01 4.475979087331573569e-01 1.182704525053106942e-01
3.755539545868979423e-01 2.684632166199444891e-01 1.008224226627391779e-01
3.754725908925350408e-01 2.637578772981449826e-01 9.903385355744984131e-02
2.473200539984334034e-01 5.230785207030862471e-01 1.293678079857079610e-01
2.407915348356251539e-01 5.317836461013510929e-01 1.280490003452292302e-01
3.733985741791548962e-01 2.673310127339469933e-01 9.982101898872530743e-02
3.731784097029617331e-01 2.641761201096297640e-01 9.858482438401024173e-02
3.753751929147225996e-01 2.641698174905426910e-01 9.916279620275952889e-02
