3.392123976718952050e-01 3.133368009844731406e-01 1.062877275407845823e-01
3.405432958001787802e-01 3.138575402753401855e-01 1.068820811771016982e-01
3.418927992768693302e-01 3.111992280083903384e-01 1.063967751965892855e-01
3.962366559845828529e-01 2.672602501831680133e-01 1.058983078101814884e-01
4.108300433679915042e-01 2.447645987830356085e-01 1.005566507329835602e-01
3.531975321882823149e-01 3.047755070920863396e-01 1.076459569763572321e-01
3.373890917311572202e-01 3.274834548442572268e-01 1.104893453868853875e-01
3.570506095548245384e-01 3.011737114602958676e-01 1.075342572587874856e-01
3.904325920706022135e-01 2.740402316627937873e-01 1.069942379797328980e-01
3.438659819463266709e-01 3.128780528343297895e-01 1.075881188673314948e-01
