3.588397850904219144e-01 3.015803417854023838e-01 1.082190250337697751e-01
3.918900803708212921e-01 2.667000484135151894e-01 1.045171034076743943e-01
2.930804014247947453e-01 3.801211251675558067e-01 1.114060519541519023e-01
3.806121016414151792e-01 2.779995047619936432e-01 1.058099757627350146e-01
3.946578715079054334e-01 2.727240598161195795e-01 1.076326969560244401e-01
3.524549840834825254e-01 3.040665151721272386e-01 1.071697587653121092e-01
2.930804014247947453e-01 3.801211251675558067e-01 1.114060519541519023e-01
4.315593733379711194e-01 2.663087690638380467e-01 1.149280454915964228e-01
4.311888844784670938e-01 2.392011069509497045e-01 1.031408584721945076e-01
3.242315167324363867e-01 3.519260621593378602e-01 1.141055209115958008e-01
