4.275598319499693267e-01 2.279397705171804789e-01 9.745788997704026013e-02
2.192909573545795757e-02 9.638565905439542281e-01 2.113650344929047381e-02
2.860669867141843459e-01 3.641118694467223582e-01 1.041603853194923435e-01
2.164850535362090184e-02 9.645291663638856372e-01 2.088061482175208525e-02
3.022383071520738929e-01 3.492207795235337531e-01 1.055478972255204650e-01
2.939901594205011071e-01 3.684443373650124198e-01 1.083190094795208891e-01
4.110098914822244431e-01 2.111839904881713803e-01 8.679870901332643884e-02
3.055306187313711064e-01 3.717886174471473071e-01 1.135928063259079579e-01
4.265069631854248033e-01 2.115087528607993428e-01 9.020995586979606295e-02
4.085753881225887563e-01 2.165770836326978699e-01 8.848806600368790132e-02
