5.850629667564002379e-01 1.127386476018334277e-01 6.595920763403299858e-02
4.900706913880198967e-01 9.732190128709466981e-02 4.769461145096310500e-02
3.004350855041457713e-01 4.444010585284394743e-01 1.335136700171246082e-01
4.596141490727597145e-01 1.414649760365902509e-01 6.501930458465576823e-02
6.451212583526649835e-01 4.504936892817189287e-02 2.906230557093569811e-02
3.417026725944093957e-01 3.919829681233080176e-01 1.339416278192235299e-01
3.466242109593062337e-01 3.755622785765581617e-01 1.301789784776786196e-01
6.241916957988572490e-01 6.504039746457304649e-02 4.059767598884354844e-02
4.877248484880860602e-01 1.578290464483621258e-01 7.697714776604651365e-02
3.401699427328748193e-01 3.777600358936242797e-01 1.285026097767029141e-01
