6.212353738533353820e-01 5.409098289646295521e-02 3.360323198177853077e-02
4.880047723150155413e-03 9.868968742357864254e-01 4.816103844098354979e-03
6.457143451111888588e-01 6.070762387069625343e-02 3.919978359092300690e-02
6.482834742713695642e-01 4.986412831365560905e-02 3.232609034469002829e-02
6.399975899148824254e-01 5.789318581223236448e-02 3.705149939232317557e-02
6.395797939533983678e-01 5.129628296329298565e-02 3.280806608823814974e-02
6.223717870985050471e-01 5.646105017202544818e-02 3.513976469702183303e-02
6.171289888849131877e-01 5.660663706343901924e-02 3.493359669513537019e-02
6.422709860383823965e-01 5.082130699735155910e-02 3.264105095694833092e-02
6.441300580330173720e-01 5.241820687606743578e-02 3.376414263706802726e-02
