3.059096309919209222e-01 4.264727344837331291e-01 1.304621168340342752e-01
3.795310913138196240e-01 2.771540002883201570e-01 1.051885601914168272e-01
3.764280362374787803e-01 2.816976149142277897e-01 1.060388799949442823e-01
3.649701482520654183e-01 2.911231390854059908e-01 1.062512552316072917e-01
3.822621713931385612e-01 2.762896679859545568e-01 1.056150884178003041e-01
3.690605701518993587e-01 2.845613455800543035e-01 1.050203724429665114e-01
3.503402388798331768e-01 3.563710759874415546e-01 1.248511278913034539e-01
3.714038513530245056e-01 2.861060170394119084e-01 1.062608766237116420e-01
3.764030494682803485e-01 2.847218714542553153e-01 1.071701806656974176e-01
3.983667683726511144e-01 2.561152459942683257e-01 1.020278028777032581e-01
