6.179443699800433176e-01 7.028747839594086388e-02 4.343375155486558364e-02
6.071304110846791335e-01 8.389237864196735783e-02 5.093361433176919750e-02
5.816746093827402930e-01 6.113256185590711100e-02 3.555925903810097655e-02
5.892653320692727847e-01 6.015417939586262946e-02 3.544677249705759786e-02
5.906377179025844582e-01 6.135494131408799484e-02 3.623854251979993085e-02
5.931605493937489593e-01 6.102274086460962588e-02 3.619628249676422327e-02
6.001955728013242952e-01 5.836386137753588055e-02 3.502973121038723686e-02
6.231166603249767011e-01 5.424561987839061905e-02 3.380134949588092796e-02
6.179443699800433176e-01 7.028747839594086388e-02 4.343375155486558364e-02
3.364630445019782257e-01 2.681821432780321368e-01 9.023338040839243290e-02
