2.623918662193215345e-01 4.136699452341440764e-01 1.085436289288315981e-01
2.649437363378588928e-01 3.824234847514679791e-01 1.013207069133981314e-01
3.650014194319132765e-01 2.923989577787586835e-01 1.067260346296590029e-01
3.162584691206125620e-01 3.375625978694520857e-01 1.067570304345698690e-01
3.640691630708945969e-01 2.920042526831252427e-01 1.063097438874874290e-01
3.162635255801845569e-01 3.375616734809647190e-01 1.067584449558369869e-01
3.485598783944203749e-01 3.082923609288348854e-01 1.074583478352834492e-01
3.653558533999866631e-01 2.920281321864139912e-01 1.066941874517713940e-01
2.672493021403001823e-01 3.828828614878154735e-01 1.023251775340999065e-01
3.690180644166083379e-01 2.844373147860890794e-01 1.049625073502201272e-01
