4.211128847660763341e-01 2.177304408782052558e-01 9.168909405961064851e-02
4.219229302321924058e-01 2.275011277937872556e-01 9.598794246988319456e-02
4.218943457599521052e-01 2.275786822441493717e-01 9.601415925430742404e-02
4.284935847471012527e-01 2.231830371621197351e-01 9.563249964834219519e-02
4.198610980061778797e-01 2.217227457601934626e-01 9.309275548781945075e-02
4.365446904461420807e-01 2.148656759798042715e-01 9.379847000810472013e-02
7.325310872573553844e-02 8.848671716712201984e-01 6.481927113426598497e-02
4.217642395573558134e-01 2.168709370370778822e-01 9.146840584153434484e-02
4.212541824740715368e-01 2.172243023483982627e-01 9.150664589927505477e-02
4.220885439329389865e-01 2.161953477553790748e-01 9.125357953914334241e-02
