2.769184444573174475e-01 4.079343871285927570e-01 1.129645559242990482e-01
2.820815599488329384e-01 4.015005775797453325e-01 1.132559092440519888e-01
4.078647285309964232e-01 2.395358739847469332e-01 9.769823421622376991e-02
4.431502669424850493e-01 2.131709509801125169e-01 9.446676383122025455e-02
2.922980480882645948e-01 3.956430595699994002e-01 1.156456940519798166e-01
2.654343897739802061e-01 4.206753090115841753e-01 1.116616939404704023e-01
3.934568890276305408e-01 2.528083699633799641e-01 9.946919476593775455e-02
2.977232013502610908e-01 3.761171873864964654e-01 1.119788131115637686e-01
2.947178573508415500e-01 3.858919653688329676e-01 1.137292532024076069e-01
3.391372734323391258e-01 3.240169350886365485e-01 1.098862199118634114e-01
