6.695306170562351777e-01 4.031830453625991767e-02 2.699433931482330892e-02
2.252329744149318969e-01 5.845392139325971126e-01 1.316575058162050560e-01
8.674048237368851832e-02 8.557542427203335134e-01 7.422853580689225961e-02
2.622840803683177402e-01 5.092094162827460746e-01 1.335575234646079468e-01
2.252350757517217472e-01 5.847387478030895425e-01 1.317036761563958047e-01
2.748787654996029742e-02 9.600223340910065684e-01 2.638897540469832895e-02
2.645402644318758378e-01 5.065231385514485929e-01 1.339957650132639067e-01
2.235093674677992859e-01 5.868033650345513275e-01 1.311560489468487078e-01
5.904516807967652436e-01 8.051982750644283426e-02 4.754306748864478571e-02
5.904040735457503075e-01 8.052806555214565842e-02 4.754409793674600759e-02
