3.203657384517534790e-01 3.432949485446370463e-01 1.099799396972593601e-01
3.602457057979133181e-01 3.115426300176005192e-01 1.122318946368286718e-01
3.226826611686570700e-01 3.513186754024667513e-01 1.133644450971156015e-01
3.602878476230743088e-01 3.115326151535629529e-01 1.122414153780647433e-01
3.807365097657304798e-01 2.944940787347511968e-01 1.121246476841434025e-01
3.622031814594524057e-01 2.936177744819727931e-01 1.063492920504145595e-01
3.651705793255755061e-01 2.963776296135571253e-01 1.082283907051234950e-01
3.398768038296140492e-01 3.238707325660367120e-01 1.100761494385002481e-01
3.106641361979606830e-01 3.444935405842771692e-01 1.070217882113915775e-01
3.529743567417327199e-01 3.007929305566666711e-01 1.061721911757000925e-01
