3.470621536259340528e-02 9.511099084175946849e-01 3.300942531503753274e-02
3.680205149400703202e-02 9.472224538091983392e-01 3.485972952136581759e-02
3.755665880265435241e-02 9.459858429799967716e-01 3.552806753694109226e-02
2.632763241830549106e-01 5.038322390880527468e-01 1.326470999120206162e-01
6.069724185427601837e-01 8.344497336619347005e-02 5.064879729931465874e-02
3.525373939069443435e-02 9.503303637520728042e-01 3.350269897877941605e-02
6.682747730524271068e-01 4.054335881114545792e-02 2.709410390830135212e-02
3.420949337933588269e-02 9.514248794295536715e-01 3.254776311378075604e-02
9.968311052166088648e-02 8.394930787909979930e-01 8.368328135529241874e-02
6.047129434364229006e-01 8.405802990015627529e-02 5.083097868039034711e-02
