3.428507889613731097e-01 3.458085060308527803e-01 1.185607191222316226e-01
2.651257410225021233e-02 9.623159357346277032e-01 2.551347255594057020e-02
5.311960764064400653e-01 1.639068267468522799e-01 8.706666326415807289e-02
2.947826217244182284e-02 9.587017628172161965e-01 2.826086190950803656e-02
2.782354568998790870e-02 9.609000936811572524e-01 2.673564766005134125e-02
6.544129424304988563e-01 4.024551354388924279e-02 2.633718493788305207e-02
6.231672135264073598e-01 7.761842917126633712e-02 4.836926022495485755e-02
2.653124789550563231e-02 9.615335236136843822e-01 2.551068427483367887e-02
2.867993667838164909e-02 9.590177875777337047e-01 2.750456942117106632e-02
1.290228469735956451e-01 7.621048490888251425e-01 9.832893732182268476e-02
