5.782698424498321499e-01 9.459017979732894932e-02 5.469864836870270974e-02
5.073326375204943901e-03 9.864490168952532168e-01 5.004577815209675443e-03
5.505798839590504423e-01 1.003158505958799407e-01 5.523188938033302131e-02
4.338180843297133153e-03 9.873016049377580927e-01 4.283092909097496563e-03
5.645120777698541259e-01 9.705608737456693225e-02 5.478933354402928252e-02
5.502036112755074315e-01 1.003401633080421851e-01 5.520752020805897581e-02
5.418262927103401072e-01 1.022968942594954522e-01 5.542714697240409133e-02
2.027591436162774763e-01 6.531547986200345601e-01 1.324331076170603694e-01
5.411121323595600163e-01 1.033329200450632535e-01 5.591469670852410034e-02
5.630320963592001515e-01 9.851147358950423927e-02 5.546512149053255125e-02
