5.052378273797382136e-01 1.928648301961466416e-01 9.744260778626326336e-02
4.920232190880216572e-01 2.026217433524635236e-01 9.969460242150605944e-02
6.642711314594936800e-01 4.068952281390082748e-02 2.702887535813678493e-02
5.977795207921681175e-01 8.668549903311779936e-02 5.181881607164710857e-02
4.733818069782271820e-01 2.177933896688084847e-01 1.030994283493337216e-01
6.240463875460929843e-01 7.482639294528015128e-02 4.669514021060653525e-02
5.888076704299944897e-01 1.013749171076831074e-01 5.969032878220868754e-02
4.947728976639292342e-01 2.047944853434692236e-01 1.013267609389813528e-01
4.944869250487582413e-01 2.049420121478378043e-01 1.013411454002895729e-01
6.758278872955790773e-01 3.821111091894777156e-02 2.582413436356950642e-02
