5.835104330017973906e-01 8.303947718463043637e-02 4.845440128824658049e-02
7.070553666347614494e-03 9.842762664494866254e-01 6.959378164443359542e-03
9.642138644765846367e-03 9.809855296911658140e-01 9.458798485791283100e-03
3.778907451644351444e-03 9.875755934919637768e-01 3.731956769308874666e-03
5.882388238433027272e-01 7.751594929942287604e-02 4.559789084498960116e-02
1.131816132688828226e-02 9.775565290817834763e-01 1.106414250230058210e-02
3.912076105008670604e-03 9.874185352908830815e-01 3.862856457554124379e-03
6.248042993934699307e-01 5.292684434564624840e-02 3.306891990048874130e-02
1.495212806234519701e-02 9.750395137554069835e-01 1.457891567551763620e-02
5.840646559750218847e-01 8.460680680461482583e-02 4.941584550948249777e-02
