3.697539284073166344e-01 2.775027442383574683e-01 1.026077298259435305e-01
3.328236997795518404e-01 3.058857959653706882e-01 1.018060423232077794e-01
3.575998449472742036e-01 2.858716322335734250e-01 1.022276513615500565e-01
3.423030004021650474e-01 2.940329186485228230e-01 1.006483502703950650e-01
3.576094660172906003e-01 2.807551146324469560e-01 1.004006866253325664e-01
3.604376814248202998e-01 2.784896679651692741e-01 1.003781702221336614e-01
2.998503680257851856e-01 3.697618660759596776e-01 1.108732316247776073e-01
3.378091351240253837e-01 3.079393576254241816e-01 1.040247280700924981e-01
3.608508127124044895e-01 2.783409573512282686e-01 1.004395606713394395e-01
3.375970655831893041e-01 3.078442031828828584e-01 1.039272996513363606e-01
