3.709042419872339846e-01 2.906691543871794958e-01 1.078104223770471048e-01
3.187428562039265056e-01 3.528176159611652318e-01 1.124580946305218515e-01
4.293644466570932794e-01 2.553859505776290284e-01 1.096536473537594591e-01
3.657874086599269270e-01 2.948597546491330545e-01 1.078559855712082211e-01
2.981373058538582810e-01 3.903215460914458701e-01 1.163694141684162436e-01
3.258541670817201585e-01 3.335070265088706520e-01 1.086746543389492115e-01
3.848557941060466447e-01 2.724903041796792325e-01 1.048694724012686486e-01
3.604267131366102328e-01 3.016943308785489664e-01 1.087386960505043326e-01
3.457768316151558774e-01 3.409309144856774720e-01 1.178860114105152040e-01
2.938968903548895284e-01 3.718798379847340074e-01 1.092943279693934511e-01
