1.127721801466054913e-01 7.779368402407943472e-01 8.772963349031591418e-02
4.014970298568811269e-01 2.431228464559916924e-01 9.761310074243122192e-02
4.016589161084760384e-01 2.410509127816694019e-01 9.682024835484412395e-02
1.169587994716047991e-01 7.683834595618704855e-01 8.986920696419475885e-02
3.991682507534672908e-01 2.387423913924346108e-01 9.529838275281776738e-02
4.043824805702819769e-01 2.383871116375839150e-01 9.639957153999091644e-02
4.084969119061328535e-01 2.398293043213434728e-01 9.796953019986497091e-02
3.969462245474376094e-01 2.392293369953472637e-01 9.496118212128973335e-02
2.575164011651460139e-01 5.639127540903383640e-01 1.452167830044699126e-01
4.012940526354104587e-01 2.397820163680683125e-01 9.622309709743245842e-02
