2.242251689989565033e-01 5.218945042085092467e-01 1.170218834057795976e-01
2.514709676784493975e-01 5.175166131852610985e-01 1.301404035073713827e-01
2.511764695569572159e-01 5.183768459607284163e-01 1.302040660684863904e-01
2.525364686649915202e-01 5.159666764536434691e-01 1.303004024204153510e-01
2.814217506991293916e-01 4.481461821453084915e-01 1.261180831484636500e-01
6.255727886893776013e-01 7.659990561432089562e-02 4.791881656849383136e-02
6.190097862160295339e-01 6.431990798845689528e-02 3.981465249336939294e-02
5.790306786503272019e-01 6.850312902600130816e-02 3.966541328959646839e-02
6.692965315723599096e-01 4.021806012541263853e-02 2.691780814850730855e-02
5.594091733423042223e-01 8.447764186226122685e-02 4.725756780007478453e-02
