3.490326336357661430e-01 3.182533405247094382e-01 1.110808016067196397e-01
2.583413204238879102e-01 4.002812309096032140e-01 1.034091817340860725e-01
3.530556745476203240e-01 2.991077401030579064e-01 1.056016849444994105e-01
3.478150207086492252e-01 3.193863602271755919e-01 1.110873734964751836e-01
3.456807071088745520e-01 3.285422469622308883e-01 1.135707162450424607e-01
3.134137822665574724e-01 3.536019560733238976e-01 1.108237264697935626e-01
3.564698655944489869e-01 3.018390337011681024e-01 1.075965197746137497e-01
3.536725864347003978e-01 2.993851266870749539e-01 1.058843120954982425e-01
3.474522306592296439e-01 3.057112652181025458e-01 1.062200610376850957e-01
2.553396528400949106e-01 4.094671137164632713e-01 1.045531906657973936e-01
