6.172379222317323499e-01 6.408533377519137764e-02 3.955589826492618422e-02
6.552546110691617187e-01 4.010526128942939333e-02 2.627915738803216286e-02
3.025981322477294677e-01 4.427251533596986977e-01 1.339678045057344224e-01
2.481852186323936227e-01 5.162184015904971446e-01 1.281177768608023071e-01
3.251797485021741818e-01 3.951608929584863872e-01 1.284983197901351792e-01
2.594720339273150489e-01 5.331667354645343027e-01 1.383418572733694507e-01
4.751313781891345900e-01 1.230951045112070874e-01 5.848634665474538447e-02
2.762642131705397852e-01 5.117693094056262604e-01 1.413835455877758551e-01
4.768923719611568579e-01 1.224627867559566485e-01 5.840156885302150852e-02
6.118162030691314257e-01 7.982977976785929353e-02 4.884115274941663865e-02
