5.450779976895814283e-01 1.144067184114479774e-01 6.236058499394783045e-02
5.613772300631376666e-01 1.094106931058622528e-01 6.142067183505698497e-02
7.186776789109815544e-01 3.659480972538950438e-02 2.629987291363194285e-02
5.223267426322809603e-01 1.220600389411022474e-01 6.375522254567531077e-02
5.171995859642236626e-01 1.209093929954350721e-01 6.253428799642461733e-02
5.185312102743047102e-01 1.209463369926563892e-01 6.271445049904603164e-02
5.079812139113590863e-01 1.220193110485179866e-01 6.198351774705387895e-02
5.137804945301644999e-01 1.215118732237796401e-01 6.243043031620015837e-02
5.081991612055782870e-01 1.219284729730927830e-01 6.196394769200277292e-02
5.082178771513089499e-01 1.219875769761011169e-01 6.199626740962600052e-02
