2.821695175870101435e-01 3.658374634284696225e-01 1.032281805708667455e-01
3.033790846288028087e-01 3.746425242551750801e-01 1.136587060715590763e-01
4.123541811225845399e-01 2.088110970497428776e-01 8.610412893325525285e-02
4.287591692064894322e-01 2.258670637693031003e-01 9.684257461283556079e-02
3.853227147281174537e-03 9.878575737697818937e-01 3.806439620897039081e-03
2.919793795048643004e-01 3.700542098498229571e-01 1.080481985751141488e-01
4.089814451174543231e-01 2.145593384445184104e-01 8.775078830048411993e-02
3.620876763066146163e-03 9.878581478382568726e-01 3.576912612713106180e-03
4.277875467165647150e-01 2.097285652090943864e-01 8.971926838718355390e-02
2.997487293079835191e-01 3.509860105229296590e-01 1.052076106591266907e-01
