3.225574944199729455e-01 3.408922859985096254e-01 1.099573616387760910e-01
3.403203115364953346e-01 3.175502815910795640e-01 1.080688107595780129e-01
3.581110275201104254e-01 3.017916170020277788e-01 1.080749060615517898e-01
3.783699410523991835e-01 2.766796719425088091e-01 1.046872711632842040e-01
3.632127630912169725e-01 2.889285299349619862e-01 1.049425296935609375e-01
3.147120307328539202e-01 3.415177113587107849e-01 1.074797324729365178e-01
3.593603045824712572e-01 2.947366855044309952e-01 1.059166650745003574e-01
3.883609441269537665e-01 2.672516244486904391e-01 1.037900931903554952e-01
3.602367372037596494e-01 2.968856971345473217e-01 1.069491348582129048e-01
3.487687507603527970e-01 3.090054285623804464e-01 1.077714372978688662e-01
