4.488781699353801002e-01 1.812515941341194536e-01 8.135988387279381728e-02
4.853489672943781530e-01 1.642860793994936341e-01 7.973607897738645145e-02
3.281930440414194683e-01 3.265896424643801588e-01 1.071844489127837530e-01
3.238900785246106029e-01 3.530688023953076349e-01 1.143554821324064136e-01
4.225117899281146117e-01 2.582698136455129356e-01 1.091220412477662688e-01
3.307710034091839169e-01 3.124338305806648730e-01 1.033440516401414877e-01
3.313499863561891190e-01 3.250019869178448761e-01 1.076894039309622547e-01
3.273917863878542667e-01 3.280114322684716810e-01 1.073882487660136054e-01
3.229504396268774724e-01 3.349728545023136772e-01 1.081796306245922656e-01
4.699352941864939903e-01 1.795049835789478132e-01 8.435572726611460792e-02
