5.237450634562285101e-01 8.272619623821254875e-02 4.332743689827504158e-02
2.592394675111173163e-03 9.891140160700279127e-01 2.564173908337767736e-03
5.368486299000021500e-01 7.576509788408167245e-02 4.067438899330879515e-02
5.944716385479085208e-01 5.248486436278480133e-02 3.120076331670941158e-02
5.569204391537609933e-01 6.789329994520801326e-02 3.781116642108326570e-02
0.000000000000000000e+00 9.916666666666669183e-01 0.000000000000000000e+00
5.413086738641235129e-01 7.524412628370041878e-02 4.073029821469451722e-02
5.107938908272037226e-01 8.953863370988382475e-02 4.573578709202338194e-02
5.516009520809160849e-01 6.852639612317200368e-02 3.779922534421567559e-02
4.889327395283191713e-01 9.794244996910256296e-02 4.788727037950865628e-02
