6.196176132346191689e-01 8.194920988713795540e-02 5.077717383673127638e-02
6.204346364498138922e-01 8.084520482830040433e-02 5.015916526635730288e-02
6.180795766118724055e-01 6.873064173581490410e-02 4.248100594433476540e-02
5.195492150198923742e-01 1.925757570576908106e-01 1.000525834111847534e-01
5.206627208253634675e-01 1.916369512849951107e-01 9.977821646672319078e-02
4.728235734148822922e-01 2.281549066001121173e-01 1.078770182308037284e-01
6.463398508451944080e-01 4.478286658313346269e-02 2.894495130776272157e-02
5.492021708486336529e-01 1.522108098080318939e-01 8.359450717319961977e-02
5.240609652989408618e-01 1.906631719269929470e-01 9.991912592701784890e-02
4.970642304638279718e-01 2.135074286543929001e-01 1.061269057224064616e-01
