2.924564843030267314e-01 4.171740683553231688e-01 1.220052613735883723e-01
3.910752946470600344e-01 2.951999962430343905e-01 1.154454255105556854e-01
4.287788065897588652e-01 2.655345494935120731e-01 1.138555872401773722e-01
3.423972325428276675e-01 3.491447773820172684e-01 1.195462055323843614e-01
3.155824822153223130e-01 3.622951507595477683e-01 1.143340029712724970e-01
3.632078721841867086e-01 3.268902753986462906e-01 1.187291213652451188e-01
3.430565054866712149e-01 3.307171944612019021e-01 1.134546850362158216e-01
3.482403981265910220e-01 3.424528869294467537e-01 1.192559296839109939e-01
3.248036252979983884e-01 3.578914938765645481e-01 1.162444546744245549e-01
3.851472158371466170e-01 3.209737369923732486e-01 1.236221411594571051e-01
