2.911897731618022789e-01 3.271620061507268806e-01 9.526623035819031804e-02
7.205393528493002873e-03 9.832282867308245189e-01 7.084546734241545761e-03
2.840230590228454699e-01 3.578452640406235008e-01 1.016363065496557333e-01
2.842500816699341515e-01 3.572017819037049957e-01 1.015346356787741461e-01
2.919803039368280562e-01 3.270693663939103213e-01 9.549781300811971407e-02
2.871740339480851056e-01 3.449517215389069635e-01 9.906117739166446501e-02
2.831085760267519902e-01 3.584965492874933046e-01 1.014934475792865359e-01
2.830805991087049223e-01 3.588092517709833840e-01 1.015719379570761138e-01
2.863517456348799728e-01 3.447797254686649771e-01 9.872827624746689790e-02
2.829327958328897719e-01 3.579222099255938705e-01 1.012679315449347694e-01
