3.930708714378919888e-01 2.475387020128373972e-01 9.730025331479066897e-02
2.531498090738993345e-01 5.223542039113752145e-01 1.322338669891133245e-01
3.953326599097767846e-01 2.435494856814808262e-01 9.628306599411791400e-02
4.014411496418368586e-01 2.432219725171530789e-01 9.763930826544117703e-02
3.907985909764344346e-01 2.508259394768869721e-01 9.802242372790785641e-02
3.948074340228530654e-01 2.439574760698487998e-01 9.631622513782858719e-02
2.710483731890423464e-01 5.521294594523398214e-01 1.496537917743020196e-01
3.915160304727782759e-01 2.456798444609593901e-01 9.618759747052439690e-02
2.711430645752223589e-01 5.520532196833000116e-01 1.496854017935484171e-01
3.971758187296147158e-01 2.457591998288136126e-01 9.760961140234403199e-02
