5.649134133210472267e-03 9.860012633954015060e-01 5.570053392435611941e-03
7.069519731864921663e-01 3.184551611542080912e-02 2.251325045493897739e-02
6.878093460118583913e-01 3.485233624413953957e-02 2.397176259906700496e-02
7.078878698708450656e-01 3.275651115449054740e-02 2.318793690555288889e-02
7.191718050089088710e-01 3.194599237405303799e-02 2.297465699844855949e-02
7.065200280153649537e-01 3.220060801162936970e-02 2.275037447448816780e-02
7.191718050089088710e-01 3.194599237405303799e-02 2.297465699844855949e-02
7.198369066758277812e-01 3.182223767542020909e-02 2.290682113177746823e-02
7.115731397110767187e-01 3.189448773727517061e-02 2.269526077868932665e-02
7.047994134184625281e-01 3.289989754012128537e-02 2.318782848780500186e-02
