4.018544520666674225e-01 1.472442496058141703e-01 5.917075724531206671e-02
4.358615785856802538e-01 1.164502944025158221e-01 5.075620914504774817e-02
3.415504739079847866e-03 9.883733743798718274e-01 3.375793944174792800e-03
4.381441864799655583e-01 1.160363975920944146e-01 5.084067302505404506e-02
4.368026880167719672e-01 1.162785577553915317e-01 5.079078658626848958e-02
4.360940934202859331e-01 1.164110064307930931e-01 5.076615231357978902e-02
4.360106528472190157e-01 1.164368064320819851e-01 5.076768798789733916e-02
4.365467181884631342e-01 1.163508822796576053e-01 5.079259581751673774e-02
4.024561138751334144e-01 1.473500573135212433e-01 5.930193144567794117e-02
4.024561138751334144e-01 1.473500573135212433e-01 5.930193144567794117e-02
