6.023388776732322425e-01 5.549074509949172840e-02 3.342423312447925787e-02
6.048861352324523821e-01 5.653805239208724298e-02 3.419908400501955881e-02
6.588117853973556315e-01 6.429997528710597321e-02 4.236158151990412901e-02
6.197907886602994632e-01 5.038507434662840845e-02 3.122820496600464332e-02
6.018302955357168749e-01 5.455287906946382909e-02 3.283157533269964040e-02
5.994792164520366118e-01 5.838524938219712829e-02 3.500074355199628978e-02
6.083823471358746904e-01 5.497433643000185916e-02 3.344541582952175601e-02
6.012294218320111128e-01 5.836315203357875236e-02 3.508964415344231758e-02
5.950907074754336890e-01 6.041084418832937120e-02 3.594993200722111648e-02
6.198234481780383609e-01 5.198648405901896280e-02 3.222244180811375397e-02
