3.268882232317859016e-01 3.282824521470705248e-01 1.073116675005296589e-01
3.315168838128760842e-01 3.137222635041553298e-01 1.040042271796195600e-01
3.302693813438731252e-01 3.286248573346567947e-01 1.085347283261356710e-01
3.303501274268203503e-01 3.190476519543251621e-01 1.053974324783391453e-01
3.242549177909282432e-01 3.329918548550807600e-01 1.079742465210829228e-01
4.686700916795063510e-01 1.795466833249890759e-01 8.414816053467392976e-02
4.838568993867248813e-01 1.741712330254941987e-01 8.427395277407835616e-02
3.327317135317249819e-01 3.210733584677076813e-01 1.068312887323461524e-01
3.257041336251291219e-01 3.378107134762101671e-01 1.100263457620557633e-01
4.488372387445724310e-01 2.182190426644980419e-01 9.794483255101733843e-02
