4.357729582277576896e-01 2.204953818617038097e-01 9.608592482943373314e-02
4.503818381150332395e-01 2.177518379933267578e-01 9.807147304836143220e-02
4.467310419441435365e-01 2.146660901714355085e-01 9.589800613236085236e-02
4.433067088095071773e-01 2.130273006304594097e-01 9.443643152906242011e-02
4.413521770922149701e-01 2.172805479837131848e-01 9.589724289240129929e-02
4.436986384552307761e-01 2.225052727345498693e-01 9.872528656142956494e-02
1.010203474201337437e-01 8.121811003456927969e-01 8.204681692498838608e-02
4.458075188141994993e-01 2.145839476174368765e-01 9.566313726468568535e-02
3.489100551999379518e-01 3.356885836857414485e-01 1.171251222637810369e-01
1.012768513310840640e-01 8.119419340065833213e-01 8.223092253985760103e-02
