3.516907022166563812e-01 3.037575088583039928e-01 1.068286915939591492e-01
3.233557316212083421e-01 3.259574026242784139e-01 1.054001944029223231e-01
2.220774889388983098e-01 6.316035905800829742e-01 1.402649394008168293e-01
3.298632660116226356e-01 3.197567428530335154e-01 1.054760035267402057e-01
2.371496247709360683e-01 6.103418147066855814e-01 1.447423323397026840e-01
3.105035809262241542e-01 3.377506334828787038e-01 1.048727811565345058e-01
3.511720940382078160e-01 3.035954746416958949e-01 1.066142585704479701e-01
2.217645992703369540e-01 6.319340743538910399e-01 1.401406067643619635e-01
3.287694815382001812e-01 3.316665381441851190e-01 1.090418357892334322e-01
4.125134276564362823e-01 2.403710306106936201e-01 9.915627774652739646e-02
