6.585243475905201427e-01 8.926887323069498947e-02 5.878572650438426694e-02
6.823268766027695831e-01 6.396839308441407135e-02 4.364735385458645700e-02
6.959341696346674766e-01 7.398222270155564717e-02 5.148675672353417165e-02
6.959094875821439929e-01 7.398289328880623683e-02 5.148539735845758525e-02
6.585769783895885077e-01 8.915954427067503130e-02 5.871842326037390869e-02
7.652997521565437777e-01 3.532631027361108483e-02 2.703521649699973037e-02
7.589356936570282874e-01 2.731082070404385401e-02 2.072715665536625090e-02
7.719483863647911281e-01 3.170605536829231019e-02 2.447543827954597184e-02
6.793073968986087507e-01 6.974973159565477088e-02 4.738150860462088387e-02
7.159348689149811484e-01 6.335172835218688681e-02 4.535571133336041560e-02
