6.018310717839276958e-01 5.486326357837581491e-02 3.301841672093804025e-02
5.863016768014668312e-01 5.768049255969420058e-02 3.381816950648323938e-02
6.007353300338117430e-01 5.505091365547544469e-02 3.307102878348491815e-02
5.703432837172784931e-01 6.383364342610588216e-02 3.640708980328309641e-02
6.063064804611545400e-01 5.268037663963552608e-02 3.194045374974543994e-02
5.877078109072481071e-01 5.756225345058911536e-02 3.382978596633391677e-02
6.005805783596160907e-01 5.500948121351771636e-02 3.303762604247690443e-02
5.936955250283817431e-01 5.688556055361258801e-02 3.377270273941082590e-02
6.103818649579666467e-01 5.345383101596676290e-02 3.262724906467379116e-02
6.033321819369229511e-01 5.390846524224331832e-02 3.252471195947343602e-02
