6.488267726140845015e-01 5.772612594146394466e-02 3.745425599011423246e-02
5.297743614078348484e-02 9.254215777024007439e-01 4.902646253603203802e-02
4.618958897681772063e-02 9.362354379767587886e-01 4.324433006567740545e-02
4.709806064940216808e-01 1.364085765412777485e-01 6.424579411039717247e-02
1.526497024323468510e-01 7.260418152574372730e-01 1.108300670524887399e-01
2.993431844305703970e-01 4.320575628757585274e-01 1.293334867285409473e-01
6.674134556423569897e-01 3.816252578976937759e-02 2.547018321339054869e-02
5.803275911068864895e-02 9.168301771080954454e-01 5.320618481352411278e-02
5.110413196071355441e-02 9.300359108984900258e-01 4.752867791875886594e-02
6.467843070849645937e-01 5.604095452070052830e-02 3.624640993805130357e-02
