6.003191245823581434e-01 5.875983473010927549e-02 3.527465254578324161e-02
5.839363258659915346e-01 6.253017675836722300e-02 3.651364167203197120e-02
7.711429483901775968e-03 9.831436177976812241e-01 7.581442681194898101e-03
5.840842740539849975e-01 6.304056533588739408e-02 3.682100284016459613e-02
5.905111621923614384e-01 6.112448310187864470e-02 3.609468955489771730e-02
7.428127808924854698e-03 9.830467089377162848e-01 7.302196596132307961e-03
5.895947254528692838e-01 6.271063208874165518e-02 3.697385790933752775e-02
5.906609446638714234e-01 6.233809131568892464e-02 3.682067590506749727e-02
5.904872936067357969e-01 6.246282526929828466e-02 3.688350464429836911e-02
5.978385626610358550e-01 5.920774392638883388e-02 3.539667252735497621e-02
