1.958248992034993807e-01 6.448756579350339857e-01 1.262827107139183891e-01
5.728821305897018323e-01 7.468954588055416732e-02 4.278830617682916060e-02
5.657562085944114472e-01 7.589532432972745379e-02 4.293825094282979760e-02
5.679259180918654337e-01 7.578683767011482053e-02 4.304130936307912908e-02
5.871812571076162612e-01 7.877495107445940670e-02 4.625517480049204377e-02
5.585282865227068072e-01 7.698675277494088087e-02 4.299927911233497602e-02
5.602624935801379102e-01 7.750242901847401167e-02 4.342170414040789211e-02
5.678673173486884496e-01 7.612135659560331780e-02 4.322683056288814663e-02
5.681086286000867069e-01 7.583251919752348469e-02 4.308110848459481557e-02
5.962112245691715273e-01 7.036463660785872987e-02 4.195218615833620768e-02
