1.506749919662515869e-01 7.721481926543127816e-01 1.163434227249442593e-01
5.721094300246822861e-01 6.273188569999314790e-02 3.588950337219659614e-02
1.486880443507729577e-01 7.730466921443446271e-01 1.149428008467766466e-01
3.680459307979287997e-01 3.526012812089025505e-01 1.297734667430727740e-01
3.045434612157850718e-01 4.514982255980854453e-01 1.375008323564263224e-01
6.325590276483924468e-01 5.237402101913142538e-02 3.312965980989824449e-02
3.738221639639092708e-01 3.510629229961330089e-01 1.312351015619096783e-01
5.560944470000303008e-01 6.846892787698036220e-02 3.807519058443434995e-02
5.546013484728412601e-01 1.051749292135304437e-01 5.833015756735961121e-02
1.527340207988972520e-01 7.755891471021549854e-01 1.184588489248995236e-01
